-0.011456029   0.0002873561   -0.9999343
-0.010650344   0.00048225938   -0.9999432
-0.014003801   0.000922876   -0.99990153
-0.008933455   0.00026990977   -0.99996006
-0.0017871625   -0.0004554586   -0.9999983
0.0033622114   -0.0008219417   -0.99999404
0.007098265   -0.0010151935   -0.9999743
0.010158949   -0.0008006907   -0.9999481
0.011979894   -0.0005097755   -0.9999281
0.012897107   -0.0003277407   -0.9999168
0.013711814   -0.00027001032   -0.99990594
0.014834438   -0.00026772646   -0.9998899
0.01635085   -0.00054415513   -0.9998662
0.018093165   -0.00086259545   -0.9998359
0.01965194   -0.0008212644   -0.9998065
0.02087077   -0.0001973647   -0.99978215
0.02160646   0.00102639   -0.99976605
0.021873934   0.002680281   -0.9997572
0.021824986   0.004359022   -0.9997523
0.021621918   0.004593547   -0.9997557
0.021464696   0.0047484054   -0.9997583
0.021409892   0.0049390644   -0.9997586
0.021329626   0.005034558   -0.9997598
0.021256335   0.0050748973   -0.99976116
0.021189177   0.0049882308   -0.999763
0.021087255   0.004778713   -0.99976623
0.020934498   0.004484134   -0.9997708
0.02072597   0.0041609313   -0.99977654
0.020483727   0.0038648113   -0.99978274
0.020219935   0.0036368505   -0.99978894
0.019949526   0.0035035145   -0.99979484
0.019684942   0.0034757145   -0.9998002
0.019419136   0.0035482012   -0.99980515
0.019158771   0.0037054312   -0.99980956
0.018885927   0.003923775   -0.999814
0.01860243   0.0041774665   -0.9998182
0.018290391   0.004439123   -0.99982285
0.017960275   0.004683666   -0.99982774
0.017610721   0.004891181   -0.9998329
0.01725537   0.005031497   -0.9998385
0.016923178   0.004954572   -0.9998445
0.01655135   0.0048484905   -0.9998513
0.016152482   0.004787379   -0.9998581
0.015736876   0.004748445   -0.9998649
0.015319382   0.0047225165   -0.9998715
0.014900397   0.004692566   -0.999878
0.014485151   0.0046447963   -0.9998843
0.014072228   0.0046068854   -0.9998904
0.013657069   0.004572311   -0.9998963
0.013241987   0.004539059   -0.999902
0.012825457   0.0045104134   -0.99990755
0.0124048665   0.0044864034   -0.999913
0.011978686   0.004466822   -0.9999183
0.011546344   0.004451881   -0.9999234
0.011107247   0.004441557   -0.9999285
0.010660676   0.004435664   -0.99993336
0.01020601   0.0044339933   -0.9999381
0.009742991   0.004436321   -0.9999427
0.009271848   0.004442397   -0.99994713
0.008793221   0.004451967   -0.9999514
0.008308029   0.004464777   -0.99995553
0.00781726   0.0044805557   -0.9999594
0.0073219305   0.0044993036   -0.99996305
0.006822288   0.004521435   -0.9999665
0.0063179396   0.004546972   -0.9999697
0.0058096205   0.0045756367   -0.99997264
0.009794852   0.0036989462   -0.99994516
0.020235011   0.0022918617   -0.99979264
0.024964495   0.0077254195   -0.99965847
0.02856395   0.008426797   -0.9995564
0.03326878   0.0086662285   -0.99940884
0.036120623   0.005471375   -0.9993325
0.036154628   0.0005349316   -0.9993461
0.03838409   -0.0049536526   -0.99925077
0.03905692   -0.008811842   -0.99919814
0.04044503   -0.010603158   -0.9991255
0.04265228   -0.011726956   -0.9990212
0.0450011   -0.012944897   -0.99890304
0.04775129   -0.01508278   -0.9987454
0.049076468   -0.018664898   -0.9986206
0.049191784   -0.023349404   -0.9985164
0.04751229   -0.029053038   -0.9984481
0.044800192   -0.03517993   -0.9983763
0.04286224   -0.04232032   -0.99818426
0.03957274   -0.045763236   -0.9981682
0.024208149   -0.039044186   -0.9989442
0.017987814   -0.034619205   -0.99923867
0.014862079   -0.03128883   -0.9993999
0.0102624735   -0.028999511   -0.99952674
0.006775145   -0.028363526   -0.9995747
0.004669809   -0.029172812   -0.99956346
0.0025954656   -0.030924803   -0.99951833
0.0022590563   -0.033202864   -0.9994461
0.0041927965   -0.03552702   -0.9993599
0.0076709036   -0.03721356   -0.9992779
0.012522264   -0.03887282   -0.9991657
0.019689258   -0.040034186   -0.9990043
0.026708774   -0.04096069   -0.99880373
0.0318925   -0.04232766   -0.99859464
0.036866643   -0.04269909   -0.99840754
0.041132722   -0.041672215   -0.9982843
0.04483911   -0.03994026   -0.99819547
0.048128158   -0.03795102   -0.99811995
0.050994087   -0.03583709   -0.99805576
0.053257953   -0.033596706   -0.99801546
0.054850508   -0.031511527   -0.9979972
0.055695433   -0.029307362   -0.9980176
0.05499994   -0.027312504   -0.99811274
0.052657813   -0.025277257   -0.9982926
0.048465766   -0.022560827   -0.99857
0.042115252   -0.018217577   -0.99894667
0.032863528   -0.014247333   -0.9993583
0.025600683   -0.011615747   -0.99960476
0.02025021   -0.01451057   -0.99968964
0.020782951   -0.014667002   -0.9996764
0.024007862   -0.012063157   -0.999639
0.02761215   -0.007104038   -0.9995935
0.031689905   -0.0006344173   -0.99949753
0.03473775   0.006758806   -0.9993736
0.03732476   0.013240807   -0.9992155
0.04004868   0.018256437   -0.99903095
0.044999186   0.022165895   -0.9987411
0.04909429   0.025413284   -0.9984708
0.051822726   0.02872461   -0.9982431
0.054831143   0.031526994   -0.9979978
0.05800126   0.033691015   -0.99774784
0.06174118   0.035133928   -0.9974736
0.06586216   0.03551642   -0.99719644
0.06897675   0.035041906   -0.99700266
0.071254164   0.03391487   -0.9968814
0.07246304   0.03205065   -0.996856
0.07238367   0.030242605   -0.99691826
0.07164248   0.028397657   -0.997026
0.06997992   0.026162786   -0.99720526
0.067343146   0.023333963   -0.99745697
0.06351887   0.019100241   -0.99779785
0.058107015   0.017343024   -0.9981597
0.052082147   0.023718163   -0.9983611
0.05029725   0.025235623   -0.9984154
0.050743826   0.022159165   -0.99846584
0.04855664   0.015402777   -0.99870163
0.044148684   0.0056593413   -0.99900895
0.040041745   -0.005467837   -0.99918306
0.037087534   -0.014489633   -0.99920696
0.03684421   -0.020549443   -0.99910975
0.03759125   -0.025866356   -0.99895835
0.039573144   -0.030865919   -0.99873984
0.041597176   -0.03520174   -0.9985142
0.04534338   -0.037617583   -0.99826294
0.04939214   -0.038039736   -0.9980548
0.052702464   -0.03806054   -0.9978847
0.05619085   -0.03756562   -0.9977131
0.05958335   -0.03636808   -0.9975606
0.062629566   -0.034913313   -0.997426
0.065004274   -0.03358052   -0.9973198
0.06690145   -0.032652024   -0.99722517
0.06821252   -0.03176605   -0.99716496
0.06901362   -0.030049315   -0.99716306
0.0674596   -0.028523697   -0.9973142
0.064930804   -0.026583342   -0.99753565
0.059992857   -0.022660337   -0.99794155
0.051096335   -0.018700842   -0.99851865
0.04546228   -0.018665014   -0.9987917
0.039271113   -0.026831297   -0.9988683
0.039754458   -0.027724767   -0.9988248
0.04253746   -0.023090558   -0.998828
0.04593231   -0.01458208   -0.9988381
0.04890851   -0.0013180844   -0.99880236
0.05212865   0.013458281   -0.9985497
0.054465987   0.02466192   -0.998211
0.05781182   0.030989617   -0.9978464
0.06252926   0.03502554   -0.99742836
0.066834144   0.038276684   -0.99702966
0.069642685   0.041174386   -0.9967219
0.072624095   0.043213822   -0.99642277
0.07546761   0.0446826   -0.9961466
0.07848713   0.04530439   -0.9958852
0.08141793   0.044768006   -0.99567413
0.08377016   0.043086264   -0.9955532
0.08517357   0.040681805   -0.99553525
0.08551603   0.038016066   -0.99561125
0.0849916   0.035242114   -0.99575824
0.083500125   0.032378845   -0.9959816
0.08113918   0.028655289   -0.9962908
0.07730036   0.024016112   -0.9967186
0.07136373   0.018847471   -0.99727225
0.066776834   0.022167277   -0.99752164
0.058959812   0.03166781   -0.9977579
0.05872757   0.031335987   -0.9977821
0.05988378   0.024033593   -0.997916
0.057798356   0.013967661   -0.9982306
0.053352464   0.0019920166   -0.9985738
0.04987678   -0.009024697   -0.9987146
0.04719939   -0.01672594   -0.99874544
0.04697864   -0.022630392   -0.9986395
0.04700083   -0.02803161   -0.9985015
0.0490394   -0.032321244   -0.99827373
0.051708553   -0.035140526   -0.9980438
0.05461004   -0.037028603   -0.9978209
0.05778649   -0.037721995   -0.99761605
0.061481316   -0.037017573   -0.99742156
0.064826876   -0.035726283   -0.9972568
0.06793617   -0.034306314   -0.9970997
0.0704138   -0.03274925   -0.99698013
0.07218383   -0.031022247   -0.9969088
0.07336109   -0.028931873   -0.9968857
0.07348339   -0.027098887   -0.9969282
0.073133565   -0.025250012   -0.9970025
0.07190606   -0.02220661   -0.9971642
0.068284065   -0.018116858   -0.99750143
0.0630746   -0.012342184   -0.9979325
0.055446304   -0.00996337   -0.99841195
0.050576866   -0.016452841   -0.9985846
0.047691185   -0.020291854   -0.998656
0.047417127   -0.019724373   -0.9986804
0.04830754   -0.014304063   -0.99873006
0.049773954   -0.0035459597   -0.9987542
0.052614845   0.011543978   -0.99854815
0.056071013   0.02689644   -0.99806446
0.05897121   0.03772281   -0.9975467
0.06330864   0.044012863   -0.997023
0.06856263   0.047621425   -0.9965096
0.07092946   0.049989786   -0.9962279
0.07483571   0.049531884   -0.99596494
0.07879263   0.0486551   -0.995703
0.08160235   0.04864379   -0.9954772
0.0842852   0.04824026   -0.9952733
0.08687272   0.04683914   -0.9951177
0.089074425   0.04467717   -0.9950225
0.09031047   0.041921675   -0.99503094
0.09034751   0.03868675   -0.9951586
0.089109056   0.03536703   -0.99539375
0.086900346   0.031492043   -0.99571913
0.08345801   0.027015822   -0.996145
0.07896829   0.021548161   -0.9966442
0.07202206   0.015115896   -0.99728847
0.067619644   0.018936632   -0.9975315
0.060792312   0.026728941   -0.9977925
0.059410553   0.025461808   -0.99790883
0.058535606   0.018437177   -0.99811506
0.055412944   0.008488256   -0.99842745
0.051132612   -0.0032776434   -0.9986865
0.04785066   -0.013059815   -0.9987691
0.04617763   -0.019883629   -0.9987353
0.046198662   -0.025523318   -0.99860615
0.046950728   -0.030282382   -0.99843806
0.048596524   -0.034061532   -0.99823755
0.05162094   -0.03640374   -0.998003
0.054551993   -0.03778077   -0.99779594
0.058196623   -0.03784111   -0.9975877
0.060982533   -0.037014097   -0.9974523
0.06418637   -0.03548236   -0.99730694
0.067250155   -0.033486873   -0.997174
0.06984586   -0.031594392   -0.9970573
0.07162352   -0.029562587   -0.99699354
0.07256371   -0.027177004   -0.9969934
0.07254949   -0.0249378   -0.99705297
0.07209406   -0.022444654   -0.9971453
0.07062763   -0.018913189   -0.99732345
0.06713257   -0.014269416   -0.99764204
0.060801413   -0.008919375   -0.99811006
0.055841   -0.0077818134   -0.99840933
0.05000045   -0.015909128   -0.9986225
0.04684303   -0.018988652   -0.9987218
0.046211667   -0.017086504   -0.99878556
0.047019705   -0.010979389   -0.9988336
0.048585296   0.00022463185   -0.998819
0.05126931   0.015545362   -0.9985639
0.054232005   0.03117755   -0.9980415
0.0586173   0.041836288   -0.9974035
0.0637416   0.048489615   -0.9967877
0.06831027   0.052198213   -0.99629766
0.07361294   0.05429392   -0.9958079
0.07688284   0.055608593   -0.99548817
0.07972083   0.05655973   -0.9952113
0.08240303   0.056599226   -0.9949906
0.08547601   0.055691555   -0.99478257
0.088122465   0.05393338   -0.9946485
0.08985838   0.051398855   -0.99462736
0.09066085   0.048238095   -0.9947129
0.09032291   0.044759937   -0.9949062
0.08886609   0.041119453   -0.99519444
0.08644874   0.036823064   -0.99557555
0.082647346   0.031973127   -0.99606586
0.07830139   0.025783768   -0.9965963
0.0713105   0.019024123   -0.99727273
0.06637288   0.021764942   -0.99755746
0.05779355   0.03160986   -0.997828
0.05758306   0.031167982   -0.99785405
0.058417857   0.023301532   -0.99802023
0.05599075   0.0134728905   -0.99834037
0.051077463   0.001964681   -0.99869275
0.04750007   -0.008146186   -0.998838
0.04521606   -0.0150940055   -0.9988632
0.044983014   -0.020763619   -0.99877197
0.045600045   -0.025797898   -0.9986266
0.047469884   -0.029881371   -0.9984256
0.050407123   -0.032847367   -0.99818844
0.053563852   -0.034766573   -0.997959
0.057256192   -0.035306145   -0.997735
0.060408916   -0.034750532   -0.9975686
0.06412485   -0.033353306   -0.99738437
0.067321725   -0.03159412   -0.99723095
0.06994978   -0.02979618   -0.9971054
0.07180852   -0.027852034   -0.9970295
0.07300931   -0.02589128   -0.99699515
0.073587574   -0.02372831   -0.9970064
0.07296057   -0.021313986   -0.997107
0.07138277   -0.017875528   -0.9972888
0.0678262   -0.013246942   -0.9976092
0.060685564   -0.007868551   -0.9981259
0.054981902   -0.0070118434   -0.99846274
0.048502877   -0.01579842   -0.9986981
0.045715112   -0.019112125   -0.99877167
0.04590329   -0.01698227   -0.9988015
0.046900123   -0.011106946   -0.9988378
0.04872502   -0.00034809078   -0.9988122
0.051581305   0.014625881   -0.9985617
0.05591538   0.029880172   -0.9979883
0.05956779   0.040274777   -0.9974115
0.06372923   0.04655429   -0.99688077
0.069685355   0.050101295   -0.9963101
0.07361952   0.052471716   -0.99590504
0.07751858   0.053729698   -0.99554205
0.08003673   0.054446504   -0.9953038
0.08310076   0.054511506   -0.9950491
0.08537783   0.053776197   -0.99489635
0.08782342   0.052099954   -0.9947727
0.08956182   0.049345646   -0.9947581
0.09041227   0.046058282   -0.99483883
0.09020308   0.04217603   -0.9950299
0.08875091   0.038188815   -0.9953215
0.08681922   0.033375207   -0.99566483
0.08293084   0.028493391   -0.9961479
0.078863695   0.022646356   -0.99662817
0.07313154   0.016148405   -0.99719155
0.06796806   0.019890027   -0.9974892
0.058927394   0.029506346   -0.9978261
0.05932565   0.028916199   -0.9978198
0.05994747   0.02056157   -0.9979897
0.05834588   0.010367162   -0.9982426
0.05369636   -0.00083240756   -0.998557
0.050821915   -0.010290358   -0.9986547
0.04958805   -0.01683948   -0.9986278
0.049354367   -0.023377132   -0.99850774
0.05169152   -0.032542706   -0.99813277
0.056935113   -0.041195195   -0.9975276
0.059050728   -0.047650065   -0.9971171
0.057478614   -0.05095459   -0.9970456
0.052849066   -0.05047763   -0.9973259
0.045826387   -0.04624052   -0.9978786
0.03177345   -0.041838758   -0.998619
0.018370502   -0.036826536   -0.9991528
0.0103308065   -0.028214527   -0.9995485
0.0054355916   -0.018702835   -0.99981034
0.0033009981   -0.019108003   -0.99981195
0.004574112   -0.016522558   -0.999853
0.008917144   -0.01762589   -0.9998049
0.012787485   -0.017128006   -0.99977154
0.016248094   -0.014779889   -0.9997587
0.020815562   -0.015196638   -0.9996678
0.025806982   -0.016053883   -0.999538
0.030665163   -0.016581975   -0.99939215
0.035072558   -0.016572105   -0.9992474
0.039049137   -0.01627939   -0.9991047
0.042593088   -0.015897173   -0.99896604
0.045593593   -0.015403506   -0.9988413
0.048022706   -0.014816331   -0.9987363
0.049964085   -0.014200832   -0.9986501
0.05153998   -0.013591028   -0.9985784
0.052812457   -0.012990449   -0.99851996
0.053828273   -0.012417431   -0.998473
0.054671705   -0.011889211   -0.9984336
0.055387326   -0.011429648   -0.9983995
0.05597083   -0.011029577   -0.9983715
0.056497656   -0.01068801   -0.9983455
0.05697758   -0.010404347   -0.99832124
0.05741501   -0.010181942   -0.99829847
0.05784217   -0.010019846   -0.99827546
0.05824984   -0.009910169   -0.99825287
0.05863814   -0.009847601   -0.99823076
0.059000574   -0.00982444   -0.9982096
0.0593295   -0.009830953   -0.99819005
0.059614103   -0.009857445   -0.9981728
0.05984357   -0.009894509   -0.99815875
0.060009006   -0.009933287   -0.9981484
0.060105085   -0.009965937   -0.9981423
0.06013037   -0.009985983   -0.9981406
0.06008719   -0.009988527   -0.99814314
0.05998112   -0.009970152   -0.9981497
0.059819944   -0.009929063   -0.9981598
0.059614133   -0.009864286   -0.99817276
0.05937336   -0.009776111   -0.99818796
0.059107125   -0.009665609   -0.9982048
0.05882346   -0.00953434   -0.9982229
0.058528535   -0.009384186   -0.9982416
0.05822638   -0.009217181   -0.99826086
0.057918966   -0.009035358   -0.9982804
0.057606522   -0.008840634   -0.9983002
0.05728798   -0.008634768   -0.99832034
0.05696143   -0.00841935   -0.9983409
0.056624647   -0.008195813   -0.9983619
0.056275547   -0.007965483   -0.9983835
0.055912573   -0.007729623   -0.99840575
0.055534985   -0.0074894787   -0.99842864
0.055142976   -0.0072462806   -0.9984522
0.054737072   -0.007000733   -0.99847627
0.054333035   -0.006753403   -0.99850005
0.05390668   -0.0065081557   -0.9985248
0.05347335   -0.0062657227   -0.99854964
0.053036373   -0.006025714   -0.9985744
0.052600045   -0.005789063   -0.9985989
0.05216541   -0.005558982   -0.998623
0.051697996   -0.0053378064   -0.9986485
0.05125567   -0.0051181144   -0.9986724
0.050849073   -0.004902358   -0.9986943
0.050450798   -0.0046901037   -0.9987155
0.05005236   -0.0044844327   -0.9987365
0.049658008   -0.004283143   -0.9987571
0.049268976   -0.00408464   -0.9987772
0.048881773   -0.0038893668   -0.998797
0.048493624   -0.0036973993   -0.99881667
0.048104864   -0.0035079878   -0.99883616
0.047717214   -0.0033203175   -0.99885535
0.047331635   -0.0031340094   -0.9988743
0.046948038   -0.0029490485   -0.99889296
0.04656611   -0.0027654814   -0.9989114
0.046186004   -0.0025832802   -0.9989295
0.045808293   -0.0024023943   -0.9989474
0.04543368   -0.0022228127   -0.9989649
0.04506274   -0.0020445948   -0.9989821
0.044695858   -0.001867818   -0.9989989
0.04433327   -0.0016925521   -0.9990154
0.0439751   -0.0015188385   -0.9990315
0.04362132   -0.0013466924   -0.9990472
0.043271802   -0.0011761035   -0.99906266
0.04292628   -0.001007062   -0.99907774
0.04258438   -0.0008395104   -0.9990925
0.04224597   -0.00067341886   -0.999107
