0.0   0.0   0.0   0.0   0.0   0.0   0.0   0.0   0.0   0.0   0.0   0.0
0.035984963   0.09943041   -0.03476142   -0.2820434   0.05939907   -0.068646885   0.083191484   -0.055442624   0.042206224   -0.23600037   0.097437896   0.049338695
0.08432134   0.08761082   -0.028233698   -0.28067473   0.070733756   -0.1400001   0.12664567   -0.06727288   0.05304245   -0.25141525   0.11127357   0.055765364
0.11705825   0.081015185   -0.037091672   -0.29650956   0.11417134   -0.15101552   0.14758763   -0.072318494   0.066087246   -0.2541076   0.1738177   0.039362658
0.12985833   0.086777814   -0.032853328   -0.31526   0.15809387   -0.13761449   0.15156253   -0.073150724   0.08406061   -0.26389682   0.25024334   0.032147523
0.13619931   0.09071253   -0.024090322   -0.3307269   0.18584979   -0.1263666   0.15091267   -0.07817941   0.10068545   -0.2728966   0.2914784   0.03725564
0.13933857   0.093263894   -0.018739296   -0.34000236   0.20497067   -0.12634553   0.15348952   -0.08099255   0.113829285   -0.2849201   0.30314693   0.04281831
0.13771136   0.093857214   -0.017826984   -0.34403735   0.22237034   -0.13524823   0.1602947   -0.085348964   0.12164014   -0.30026835   0.29743233   0.04522446
0.13277541   0.09540659   -0.019737737   -0.34576026   0.23865506   -0.15002868   0.16916534   -0.09012151   0.123694934   -0.31918782   0.28481758   0.043794814
0.12894943   0.09687819   -0.021410024   -0.3452106   0.2496282   -0.16524005   0.17688645   -0.09453654   0.12163548   -0.33630246   0.2714124   0.041664753
0.12883681   0.098707736   -0.022141596   -0.34437907   0.2555256   -0.17568393   0.18115745   -0.09631043   0.11973699   -0.34828168   0.26864618   0.038727473
0.1315211   0.1001458   -0.022075528   -0.34301716   0.26162726   -0.17853673   0.18125202   -0.0962697   0.11886934   -0.35500044   0.27242765   0.04071765
0.13571265   0.100926   -0.024851402   -0.34088802   0.2745898   -0.17129017   0.17877641   -0.0949167   0.11876383   -0.35654205   0.27892798   0.04849619
0.13828105   0.10349698   -0.029652813   -0.34164423   0.28589347   -0.16547185   0.17663965   -0.09222767   0.11810719   -0.35411376   0.28580865   0.05486289
0.14032197   0.10594438   -0.035364106   -0.34310877   0.29551038   -0.16064166   0.17390499   -0.089808136   0.11818179   -0.35057026   0.2905923   0.05945049
0.14305645   0.10878246   -0.041410446   -0.34567866   0.30099937   -0.15767525   0.1705702   -0.08666937   0.11830222   -0.3469196   0.29296777   0.06155025
0.1460061   0.112069264   -0.046509176   -0.3483572   0.3023624   -0.15604484   0.16709417   -0.08292163   0.11826445   -0.34506494   0.29261896   0.061249737
0.14900349   0.115738146   -0.050982445   -0.35124075   0.30032232   -0.15566993   0.16392228   -0.07899004   0.11764025   -0.3445019   0.28979573   0.059324797
0.15171184   0.119819745   -0.054817982   -0.35435092   0.29573613   -0.15688169   0.16136277   -0.075021505   0.11637979   -0.34487677   0.28555164   0.05607367
0.15336761   0.12527165   -0.056704104   -0.3598859   0.28445852   -0.16739479   0.15942839   -0.07124978   0.11453245   -0.34475917   0.2799476   0.051717166
0.15423284   0.12653944   -0.056492724   -0.36228728   0.27779162   -0.175422   0.15733369   -0.0711959   0.11463149   -0.34511262   0.2757975   0.051548842
0.15507343   0.12728971   -0.057615362   -0.36483508   0.27423933   -0.17906196   0.15574837   -0.06965017   0.113235176   -0.34541184   0.27343225   0.050760556
0.15464176   0.12805524   -0.05895631   -0.36670947   0.27208123   -0.18184476   0.15539834   -0.068795934   0.11188955   -0.34574956   0.271441   0.048925314
0.153951   0.12854639   -0.060335413   -0.36813372   0.2707626   -0.1838521   0.15546307   -0.068430796   0.11061876   -0.34609008   0.2700621   0.046924558
0.15351444   0.12901479   -0.061512053   -0.3690406   0.2701954   -0.18559521   0.15526369   -0.068018675   0.10953112   -0.3463583   0.26959684   0.045246173
0.15314524   0.12934415   -0.06240388   -0.3696389   0.27022806   -0.18720376   0.15481138   -0.06773403   0.10862459   -0.34650105   0.26960126   0.044148285
0.152943   0.1295369   -0.063106805   -0.3701425   0.27053186   -0.18870342   0.15414774   -0.0674917   0.10784727   -0.3463592   0.2697885   0.0435321
0.1527012   0.1296131   -0.06375661   -0.37067842   0.2708272   -0.1900813   0.15345655   -0.06729534   0.10711199   -0.34598583   0.26984686   0.043070767
0.15240099   0.12957822   -0.06439291   -0.37127495   0.2709167   -0.19124013   0.1528314   -0.06717676   0.10641656   -0.34538662   0.26970762   0.042608652
0.15206558   0.12946367   -0.065044895   -0.37188864   0.27082554   -0.19207525   0.15225168   -0.06707463   0.10575387   -0.34463173   0.26947397   0.042077404
0.15169495   0.12931879   -0.065713875   -0.37252307   0.27055714   -0.1926673   0.15172523   -0.066947624   0.10511642   -0.34386408   0.2691611   0.04136947
0.15128654   0.12915637   -0.06638933   -0.37316176   0.27012643   -0.19301262   0.15123941   -0.0668129   0.1045049   -0.343103   0.26878047   0.040538687
0.15084955   0.1289947   -0.06704996   -0.37380987   0.26956233   -0.19311476   0.15077038   -0.06666325   0.10392699   -0.3423751   0.26834595   0.039667215
0.15037489   0.1288531   -0.06768032   -0.37446445   0.2688779   -0.1930635   0.15034592   -0.06649467   0.10338519   -0.34177214   0.2678304   0.03874741
0.14986524   0.12871133   -0.06825642   -0.37511194   0.2680787   -0.19288184   0.14996272   -0.06634778   0.10289716   -0.34127522   0.26722404   0.037858177
0.14932062   0.12858623   -0.068759814   -0.37574878   0.2671803   -0.19267082   0.1496453   -0.06621955   0.102466606   -0.340975   0.26652265   0.036980156
0.14875038   0.12845008   -0.06916492   -0.3763504   0.26618013   -0.19243632   0.14937398   -0.066157244   0.10211293   -0.34082824   0.26573163   0.036198106
0.14815143   0.12830941   -0.069458865   -0.376938   0.2650827   -0.19229987   0.14919706   -0.06614721   0.1018366   -0.34091634   0.26480737   0.03545242
0.14759247   0.1281313   -0.06962348   -0.37744018   0.2639526   -0.19216248   0.14901686   -0.0662208   0.1016671   -0.34109282   0.26388362   0.034899037
0.14704591   0.12793384   -0.06968826   -0.37788182   0.26289228   -0.1920594   0.14888051   -0.06633282   0.10157429   -0.3414014   0.26301175   0.03447401
0.14647432   0.12768261   -0.06954002   -0.37820962   0.2620232   -0.19216095   0.14882648   -0.06661527   0.1016355   -0.34187394   0.26211897   0.034350652
0.14591792   0.12735577   -0.06927101   -0.37833092   0.2613159   -0.19258896   0.1488637   -0.06712745   0.10178904   -0.34231615   0.26144063   0.034408744
0.14533465   0.12698296   -0.06910916   -0.37862873   0.2604101   -0.19292977   0.14871353   -0.06738139   0.101862185   -0.34283942   0.2607552   0.034140345
0.14480935   0.12666108   -0.06884894   -0.37888718   0.25940284   -0.19312227   0.14855452   -0.06768848   0.10203176   -0.34332603   0.25995412   0.033962276
0.14435622   0.12636235   -0.06851769   -0.37913117   0.2584227   -0.19310293   0.14834741   -0.06795032   0.102245085   -0.3437292   0.2592329   0.033992957
0.14392728   0.12610874   -0.06813731   -0.379352   0.2574891   -0.19300091   0.14809904   -0.06813988   0.10247327   -0.3441199   0.25860864   0.034121674
0.14350508   0.12585025   -0.067831375   -0.37947482   0.25688967   -0.19287807   0.14786768   -0.06834803   0.10273863   -0.34447634   0.2580427   0.034315202
0.14301753   0.12558997   -0.06754721   -0.37960774   0.25626013   -0.19279525   0.14768733   -0.06854023   0.10297053   -0.34482628   0.25750118   0.034427453
0.14251558   0.12534226   -0.067284115   -0.3797199   0.25558767   -0.19270867   0.14750993   -0.068713665   0.103194796   -0.34518695   0.25693315   0.03448813
0.142016   0.12510702   -0.067021   -0.3798066   0.25489867   -0.19261038   0.14732628   -0.06888105   0.103416376   -0.34555   0.25634935   0.03456406
0.14151649   0.124889515   -0.066775165   -0.37988633   0.25418913   -0.19249955   0.1471183   -0.06901269   0.10361865   -0.34591168   0.25574985   0.034643654
0.14100756   0.12469326   -0.06654874   -0.37997147   0.253439   -0.19238603   0.14689547   -0.06911172   0.10380104   -0.34627497   0.25510108   0.034712736
0.14048865   0.12451756   -0.066338584   -0.38006455   0.25263605   -0.19227389   0.14666192   -0.06918374   0.103965856   -0.34663945   0.254388   0.03477304
0.13996531   0.12436371   -0.0661438   -0.38016343   0.25178128   -0.19216675   0.14641418   -0.06922381   0.1041142   -0.34700787   0.2536191   0.034822922
0.13944212   0.1242328   -0.06596254   -0.38026422   0.25088432   -0.19207014   0.14614943   -0.06922926   0.1042481   -0.34738225   0.25280857   0.034860585
0.13892241   0.124125004   -0.06579324   -0.3803643   0.24995779   -0.19198853   0.14586641   -0.06920012   0.1043693   -0.3477614   0.2519708   0.03488599
0.13840918   0.12404062   -0.06563512   -0.38046136   0.2490136   -0.1919246   0.14556435   -0.06913689   0.104478784   -0.3481424   0.2511187   0.034900304
0.13790467   0.12397909   -0.065487795   -0.3805539   0.24806303   -0.19187862   0.14524326   -0.06904047   0.10457721   -0.34852046   0.25026342   0.034905393
0.13741092   0.12393943   -0.06535161   -0.38064042   0.2471158   -0.19184926   0.14490342   -0.068912104   0.104664914   -0.3488902   0.2494157   0.034903068
0.13692865   0.12392027   -0.065227404   -0.38072002   0.24618024   -0.19183451   0.1445455   -0.0687532   0.10474179   -0.34924597   0.24858448   0.03489438
0.13645743   0.12391983   -0.06511642   -0.3807921   0.24526231   -0.19183204   0.14417048   -0.06856592   0.10480692   -0.34958315   0.24777591   0.03487933
0.13599545   0.12393614   -0.06501986   -0.3808573   0.24436451   -0.19184035   0.14378005   -0.06835289   0.104859136   -0.3498981   0.24699274   0.034857158
0.13554041   0.123967044   -0.06493962   -0.38091636   0.24348737   -0.1918582   0.1433757   -0.06811684   0.10489698   -0.3501885   0.24623397   0.03482635
0.13508457   0.12401287   -0.06486151   -0.38098085   0.2425871   -0.19189525   0.14296345   -0.0678592   0.10491535   -0.35045844   0.24549073   0.034780685
0.13462861   0.12407552   -0.064779274   -0.38104498   0.24166602   -0.19194987   0.14253978   -0.0675836   0.104913026   -0.3507135   0.24475825   0.034725133
0.1341719   0.124152854   -0.064698495   -0.3811093   0.24073644   -0.19202113   0.14210749   -0.06729231   0.10488671   -0.35095173   0.24403489   0.034658197
0.111943185   0.05277265   -0.027056055   -0.44685763   0.043101564   -0.12511423   0.079815626   -0.08833897   0.020856606   -0.30856186   0.11691068   -0.05507276
0.10645135   0.17676494   -0.026866335   -0.31519303   0.1397053   -0.028985552   0.070678726   -0.014665559   0.0775813   -0.2827646   -0.016127437   0.03357729
0.09021574   0.20751974   -0.016254611   -0.3188574   0.17819628   0.021773644   0.009756763   -0.025355265   0.0730793   -0.2113384   -0.05319836   0.12061432
0.0676454   0.24469075   -0.002916539   -0.3222489   0.1869158   0.07453539   -0.039599616   -0.028423205   0.07498662   -0.07547887   -0.038074024   0.16174197
0.04357253   0.2525234   -0.0021914858   -0.32202306   0.17842178   0.10429581   -0.10500148   -0.02796983   0.09194883   0.08664082   -0.0048586205   0.1801994
0.02020894   0.2498708   0.001386093   -0.32118404   0.15512995   0.14640436   -0.18425585   -0.02170267   0.113594145   0.25537664   -0.013886444   0.18819124
0.010151859   0.24102533   0.010413205   -0.30201423   0.13481003   0.17531383   -0.2684942   -0.011172041   0.14020553   0.4164214   -0.06505776   0.18159845
0.0056904256   0.22945604   0.01584973   -0.27750593   0.12689911   0.19053304   -0.33280084   -0.007172987   0.15838203   0.5454133   -0.12772444   0.16915281
-0.0063887127   0.21913218   0.007916754   -0.23841849   0.11942629   0.2018528   -0.39689302   -0.007815033   0.17429861   0.6636393   -0.18484741   0.15689519
-0.018762264   0.21272194   -0.00012237765   -0.20416892   0.11314687   0.21113345   -0.4353862   -0.01609692   0.1780977   0.7448751   -0.2347354   0.14839125
-0.032407492   0.21120739   -0.009407541   -0.16442457   0.111233026   0.2170574   -0.4609   -0.027945489   0.17578441   0.7932411   -0.269593   0.14448261
-0.04741928   0.21351376   -0.018461647   -0.12378844   0.112170026   0.22267577   -0.4744187   -0.045514613   0.16959885   0.81174785   -0.29072252   0.14597523
-0.06530189   0.2200548   -0.024667151   -0.086737715   0.1110661   0.22790015   -0.47357306   -0.064545184   0.1601387   0.8021678   -0.29869825   0.14856756
-0.09000458   0.23056975   -0.03192112   -0.042089306   0.10967401   0.23283017   -0.46391782   -0.08566143   0.14962724   0.7648814   -0.29343358   0.14644617
-0.12062069   0.24006727   -0.03666525   0.0017262325   0.09713003   0.23461658   -0.4341744   -0.110644385   0.1418052   0.6938505   -0.27577034   0.13659376
-0.15362267   0.24862197   -0.04197337   0.049855396   0.07796938   0.23044822   -0.38930023   -0.12852472   0.13358724   0.59038365   -0.23753816   0.121255994
-0.18863821   0.2508584   -0.049569465   0.10129294   0.04926134   0.22458655   -0.32895228   -0.13781978   0.13010025   0.45935237   -0.17886826   0.101644695
-0.22242242   0.2450997   -0.059291206   0.15720336   0.019502826   0.21724147   -0.26594204   -0.13677755   0.13455835   0.30703288   -0.098426886   0.0744341
-0.24172033   0.22450134   -0.06824137   0.22492379   0.028065942   0.18624464   -0.22069111   -0.16894221   0.15473655   0.16511993   0.0058972016   0.10947326
-0.2822256   0.18245664   -0.0486321   0.20029631   0.051426955   0.09680536   -0.2551285   -0.10663927   0.11483207   0.2973618   0.08358327   0.2131002
-0.22664744   0.2075347   -0.05707296   0.18628365   0.024482213   0.13540864   -0.2138468   -0.08158167   0.09186632   0.25438166   0.06255188   0.16608085
-0.20103815   0.2057985   -0.06048495   0.13399756   -0.014562017   0.13173836   -0.17807677   -0.07469662   0.08795216   0.22893362   0.08680893   0.16020498
-0.17230771   0.20689517   -0.07387529   0.07803636   0.0014155589   0.12689951   -0.15039387   -0.07111589   0.07738581   0.20406277   0.1085558   0.14441988
-0.1343368   0.2050229   -0.08339199   0.028420445   0.011263528   0.11311237   -0.11739737   -0.07489559   0.07135882   0.16564837   0.12155278   0.118913084
-0.097876504   0.20629695   -0.08971814   -0.0072856545   -0.0010543682   0.07801358   -0.08816583   -0.08899538   0.070782565   0.11543857   0.122723304   0.097504124
-0.07110461   0.21137422   -0.089737535   -0.0135465115   -0.02021762   0.022776268   -0.0626744   -0.103168465   0.071043625   0.0641015   0.113971435   0.07232915
-0.06516608   0.20925346   -0.08424306   0.024679102   -0.048204534   -0.05696498   -0.036931362   -0.12498079   0.06970576   0.010450602   0.10104006   0.031565968
-0.09754548   0.2083005   -0.085196905   0.12337636   -0.07457233   -0.1482628   -0.012377601   -0.15322484   0.06819984   -0.036208645   0.09356976   -0.019512821
-0.1630041   0.20405534   -0.09708182   0.26317942   -0.102798276   -0.19455351   0.008713555   -0.17198312   0.05966022   -0.06549359   0.1012673   -0.06287895
-0.23489752   0.18612337   -0.10487717   0.4124269   -0.15949447   -0.19003643   0.024588298   -0.17689034   0.046015598   -0.08018163   0.11768112   -0.09191024
-0.29921043   0.16519031   -0.10620277   0.5556413   -0.22235353   -0.16203603   0.032985616   -0.17865132   0.031654544   -0.079709545   0.14663562   -0.11252752
-0.35713464   0.1488854   -0.09908201   0.67854553   -0.26740524   -0.13285592   0.025983538   -0.17165464   0.029022262   -0.07084032   0.16349755   -0.117072895
-0.39947438   0.14282233   -0.09059276   0.7736936   -0.3014339   -0.12175986   0.01680461   -0.1614871   0.032414876   -0.06309195   0.17249626   -0.116942436
-0.42750347   0.1423322   -0.083543   0.83918685   -0.3274235   -0.12795453   0.01111507   -0.15786457   0.035890862   -0.054338664   0.1828981   -0.1170547
-0.45164484   0.14568356   -0.080454186   0.87970704   -0.34490687   -0.13908792   0.006873209   -0.15696608   0.038400196   -0.04052189   0.19169605   -0.1188761
-0.46909037   0.15245095   -0.08023682   0.8982257   -0.3566909   -0.14830121   0.00120892   -0.15668336   0.03842213   -0.025572542   0.19937354   -0.120675206
-0.4782921   0.1592978   -0.08073227   0.8953337   -0.36295462   -0.15742493   -0.0061531104   -0.15675282   0.036817037   -0.010432251   0.20712   -0.12173414
-0.4811889   0.16369778   -0.080461904   0.87091917   -0.3611335   -0.16823944   -0.015165005   -0.15505204   0.03397289   0.0063647777   0.21196458   -0.12207812
-0.47601148   0.165938   -0.07930434   0.8234444   -0.3508281   -0.1785243   -0.025011081   -0.15345716   0.030936904   0.023846477   0.21448556   -0.12150651
-0.46067867   0.16503626   -0.07748076   0.7552799   -0.33102337   -0.18870562   -0.034498747   -0.15342146   0.028011136   0.042214807   0.21161756   -0.121391416
-0.43448937   0.16053   -0.07428734   0.6680714   -0.2995055   -0.19713908   -0.044027496   -0.15513977   0.02549044   0.062264726   0.20283192   -0.1199882
-0.39808595   0.1532262   -0.07088882   0.5648673   -0.25080258   -0.20932367   -0.053448413   -0.15697832   0.021970801   0.08340713   0.18174425   -0.11632328
-0.3512639   0.14046144   -0.06306296   0.45208454   -0.1913138   -0.21726191   -0.061271872   -0.16166925   0.020698555   0.10200834   0.16087931   -0.116735995
-0.2983446   0.12663946   -0.05531706   0.33342785   -0.122801416   -0.2233834   -0.0650503   -0.16509008   0.021217793   0.12001504   0.14340514   -0.124048874
-0.24478725   0.11274785   -0.047241278   0.2196562   -0.051655136   -0.21860799   -0.06498388   -0.16141655   0.021840878   0.13346393   0.12714887   -0.12715839
-0.22341508   0.088593185   -0.031682365   0.16706511   0.005833068   -0.16492197   -0.046687305   -0.14495602   0.032418735   0.15580301   0.1462687   -0.1106419
-0.19199768   0.06785141   -0.034673944   0.14366336   0.0708016   -0.15728064   -0.027022684   -0.13243604   0.043224476   0.14885633   0.19474098   -0.10667756
-0.21216172   0.053524174   -0.042363457   0.1786044   0.120498165   -0.12355161   0.0053203367   -0.11209289   0.029152714   0.13449863   0.26213798   -0.11219661
-0.18779774   0.04525477   -0.028662806   0.16993529   0.14578351   -0.099333785   0.04640394   -0.11474289   0.041294523   0.111494124   0.31963006   -0.11919363
-0.16258329   0.056272298   -0.034213282   0.15294981   0.17583472   -0.06950645   0.06495187   -0.11274266   0.05940149   0.10424834   0.33954912   -0.11314963
-0.13902679   0.07907886   -0.0359307   0.122117706   0.19753572   -0.044693522   0.06272596   -0.10743052   0.086570196   0.119037695   0.32302704   -0.09410225
-0.10999793   0.10937455   -0.03691648   0.08182613   0.22988506   -0.01906947   0.037746858   -0.104166694   0.122967206   0.17024674   0.257439   -0.059255797
-0.08433743   0.14574382   -0.033343613   0.037059344   0.24989422   -0.000896208   -0.02775653   -0.10715294   0.15356031   0.24699427   0.0980196   -0.002157595
-0.05964301   0.16956419   -0.028247444   -0.007863194   0.25035474   -0.0003112182   -0.105681375   -0.10692753   0.17589182   0.3480699   -0.09601725   0.07187325
-0.037986856   0.18132943   -0.012813559   -0.034567915   0.24570389   0.021746807   -0.17062885   -0.10418452   0.1946631   0.4683085   -0.17796472   0.13461359
-0.01728526   0.18744886   0.0051145796   -0.057602815   0.24047996   0.05340784   -0.23093238   -0.087581396   0.20027825   0.57593983   -0.21641964   0.16692054
-0.0077027753   0.18771186   0.012624266   -0.07628497   0.23594418   0.07531775   -0.2941401   -0.072119124   0.19993046   0.67512405   -0.24395052   0.17066333
-0.002845537   0.18646151   0.014112009   -0.09457307   0.22423343   0.08430832   -0.34687063   -0.062358364   0.19368836   0.7560641   -0.26893172   0.16022718
0.003490176   0.18414426   0.015250346   -0.10112064   0.21497674   0.084681116   -0.387337   -0.058115385   0.18269426   0.81197387   -0.28591704   0.1506719
0.010716304   0.18284178   0.015213983   -0.09657361   0.21319886   0.08248339   -0.42386967   -0.056390986   0.17192715   0.8484946   -0.29733077   0.14642543
0.01585196   0.1828452   0.015020287   -0.085983105   0.2189379   0.076916344   -0.45221573   -0.057834372   0.1586766   0.8642293   -0.3018273   0.14849967
0.015997991   0.1846496   0.012502814   -0.069073744   0.22594172   0.06987723   -0.47501206   -0.059722535   0.1452151   0.8639171   -0.29889882   0.15126315
0.009898558   0.18672623   0.010841368   -0.04870019   0.22819278   0.06417843   -0.48897815   -0.062467285   0.13008031   0.84776396   -0.2886318   0.1511049
0.00087004155   0.1888206   0.009652836   -0.027610384   0.22150987   0.06366398   -0.49003652   -0.06450085   0.11427542   0.8121259   -0.27286533   0.14797199
-0.010211937   0.19172454   0.0076518785   -0.0029924363   0.20693445   0.06927625   -0.4810417   -0.065210104   0.09787307   0.75631523   -0.2509235   0.1418744
-0.022397626   0.19657421   0.005998483   0.024859741   0.18565191   0.08116045   -0.4592593   -0.066473834   0.08659104   0.67833006   -0.22372216   0.1327711
-0.033616975   0.20308852   -0.0010862518   0.055770222   0.17039089   0.10082262   -0.4248052   -0.060445704   0.0695003   0.5787497   -0.18536213   0.12305996
-0.04632756   0.20823875   -0.011564182   0.08904462   0.1483732   0.1311484   -0.37963167   -0.050738327   0.0599532   0.46374357   -0.13638103   0.1093604
-0.058819525   0.21064913   -0.022358857   0.1225184   0.12478625   0.15818906   -0.32523623   -0.036413252   0.051950194   0.3399244   -0.07181739   0.09015304
-0.06729363   0.20396411   -0.026323317   0.15318188   0.104544856   0.1654979   -0.27269503   -0.028935492   0.05591276   0.21890147   0.0056288317   0.061598245
-0.05830612   0.1723962   -0.024685418   0.22055098   0.13361578   0.15889278   -0.24802327   -0.046203196   0.06836428   0.15614341   0.07727646   0.05076054
-0.061549865   0.15725935   -0.008130273   0.2082921   0.24375562   0.120244466   -0.25555128   -0.03191138   0.049844675   0.24858691   0.15668502   0.049736638
-0.020275773   0.15375239   -0.023375353   0.21395588   0.31491682   0.1167609   -0.23300797   -0.012632474   0.028217383   0.22137594   0.16201296   0.011776645
-0.0050204843   0.15687913   -0.033346936   0.20375395   0.39164636   0.106138   -0.18015766   -0.024195485   0.046679847   0.21491753   0.21602747   -0.0041910373
-0.00502149   0.15516397   -0.04492905   0.21122381   0.44306162   0.07281708   -0.13983564   -0.038032427   0.064770095   0.19903766   0.29379535   -0.026995126
-0.023936294   0.15124443   -0.05718889   0.2507992   0.39889663   0.014230512   -0.1116527   -0.06368313   0.07514137   0.15444374   0.34684908   -0.052884147
-0.07252238   0.15120378   -0.07327713   0.34572154   0.17036633   -0.06718404   -0.078316346   -0.10786924   0.077817254   0.098660454   0.3638998   -0.074949354
-0.13869268   0.16068587   -0.08209744   0.44696307   -0.13461378   -0.10180311   -0.061311428   -0.1358327   0.056234702   0.057599284   0.33668923   -0.07578184
-0.18027347   0.15096503   -0.075731196   0.547909   -0.21398957   -0.10744501   -0.052744847   -0.13881475   0.0325675   0.019530665   0.2925276   -0.066783085
-0.23782085   0.1455487   -0.07405226   0.6440048   -0.24793409   -0.113466255   -0.03590681   -0.13915001   0.026579678   -0.008073274   0.26928028   -0.074455634
-0.2916541   0.14711775   -0.06973925   0.72708994   -0.27863765   -0.12615064   -0.02299394   -0.1367658   0.028018437   -0.02955842   0.2639916   -0.07980421
-0.34138924   0.14935508   -0.06555249   0.7949117   -0.30102405   -0.13510993   -0.011073198   -0.13363293   0.031950682   -0.04110983   0.25805622   -0.08133456
-0.38257387   0.1530383   -0.06352131   0.84645957   -0.31936753   -0.14597483   0.0029758997   -0.13683596   0.035911903   -0.047256917   0.25774866   -0.08400872
-0.4252716   0.15716058   -0.06488931   0.8841561   -0.331939   -0.14983693   0.01335666   -0.13901219   0.03904339   -0.04341664   0.25584954   -0.08701478
-0.45993453   0.16284682   -0.06793067   0.9090347   -0.34273717   -0.1522417   0.019620474   -0.14264713   0.041617915   -0.039427802   0.25565118   -0.08831558
-0.4849788   0.16740683   -0.07029998   0.9174105   -0.35019335   -0.15891737   0.023661982   -0.14829403   0.043459065   -0.033047743   0.25982422   -0.08547741
-0.50461936   0.1705899   -0.073077634   0.90801877   -0.35288253   -0.16637078   0.024142507   -0.15054584   0.045102507   -0.01974558   0.2626435   -0.08350043
-0.51522934   0.17100352   -0.07378301   0.881088   -0.34993708   -0.17341086   0.022124592   -0.15001518   0.046015106   -0.005063258   0.26330906   -0.083581865
-0.51631284   0.1680488   -0.07189478   0.83568996   -0.340073   -0.17783523   0.018508125   -0.14766711   0.045497827   0.010055102   0.2610312   -0.08371705
-0.5070493   0.16254824   -0.06671409   0.77063096   -0.3206808   -0.18552354   0.01411717   -0.14741758   0.04581277   0.026500061   0.25652918   -0.08284105
-0.48792225   0.15428081   -0.060094446   0.6873233   -0.288586   -0.19712183   0.010129202   -0.14893252   0.046178423   0.046345696   0.24812075   -0.08017938
-0.45739192   0.14372602   -0.050036475   0.58740085   -0.2390318   -0.2068946   0.005359616   -0.15021366   0.04632338   0.06781648   0.23443893   -0.07414499
-0.42493054   0.13032886   -0.040405378   0.48512912   -0.17487696   -0.21369457   0.0010377355   -0.14847714   0.044951886   0.09109633   0.20657808   -0.0748083
-0.37470567   0.113735616   -0.021959545   0.3725133   -0.10375678   -0.21826091   0.000368122   -0.15289548   0.047537036   0.10676095   0.19925576   -0.080953434
-0.3186162   0.104039565   -0.012080232   0.25534797   -0.020863857   -0.21708713   0.002653975   -0.14742067   0.044871666   0.12621525   0.1906012   -0.08219066
-0.2903216   0.08098939   0.004549546   0.20078349   0.053714003   -0.16028854   0.02619179   -0.116069876   0.054320015   0.159161   0.22238103   -0.0546223
-0.24640726   0.06079302   0.004950883   0.16448238   0.14293495   -0.14354116   0.04553965   -0.09965709   0.0707126   0.16637012   0.31105256   -0.03660166
-0.24274401   0.051766276   -0.0015458558   0.22711441   0.17250672   -0.088387035   0.051728476   -0.061546244   0.076928705   0.14219704   0.38878432   -0.01687264
-0.21931684   0.025307588   0.03236013   0.19665286   0.19195955   -0.059105165   0.08495346   -0.063089624   0.09846539   0.1177841   0.48103908   -0.0016537234
-0.17969492   0.03978812   0.022037117   0.168518   0.25437072   -0.025996566   0.10108116   -0.06066726   0.119793504   0.12852675   0.5124396   0.0119672455
-0.13806191   0.0769957   0.015360912   0.14058957   0.30675492   0.006044455   0.09335898   -0.060519844   0.15140656   0.15074888   0.47911987   0.024235044
-0.107492946   0.11761005   0.014755784   0.09636774   0.36554986   0.0466808   0.058775287   -0.066196114   0.1835218   0.22152497   0.38179043   0.04043073
-0.07937479   0.16626361   0.009787945   0.048607565   0.39848885   0.052906238   -0.009182561   -0.06888494   0.20697439   0.3246225   0.1662713   0.07436997
-0.051122893   0.19576484   0.011851737   0.0030891225   0.3782266   0.0392093   -0.09880075   -0.06296472   0.21403664   0.4264344   -0.105665796   0.12796548
-0.02863307   0.20966014   0.028905256   -0.026881836   0.35835788   0.05150234   -0.16563952   -0.055527978   0.21487567   0.5355004   -0.2151474   0.16174781
-0.011139166   0.21482927   0.047032736   -0.052778773   0.34583694   0.07112295   -0.22860992   -0.045970023   0.21062377   0.6370816   -0.25465527   0.1804235
-0.0056618303   0.2143996   0.053743385   -0.07877057   0.32163227   0.080970176   -0.286622   -0.04403712   0.20027271   0.7204094   -0.27816838   0.1849562
-0.0023949482   0.2128599   0.05553414   -0.09996828   0.290297   0.08684196   -0.3380878   -0.04548151   0.18911442   0.7833894   -0.29520395   0.17918605
0.0062324703   0.21060908   0.05731894   -0.10860195   0.26879567   0.08978403   -0.38321277   -0.048448324   0.17768475   0.82365304   -0.3047238   0.171
0.016042724   0.20883295   0.05767534   -0.105911754   0.2598484   0.0904466   -0.42382544   -0.053548947   0.16627645   0.8463953   -0.3076824   0.16847056
0.023681663   0.2092335   0.055760533   -0.096567266   0.2612717   0.08760431   -0.45746157   -0.058500186   0.1538583   0.8512824   -0.3033671   0.16937217
0.026667267   0.2110861   0.052518755   -0.08263869   0.26283532   0.08383476   -0.48162007   -0.06424061   0.14163142   0.8402592   -0.29237756   0.1714567
0.024959512   0.21294013   0.048652053   -0.06404982   0.25918376   0.08342443   -0.49648073   -0.06953992   0.12895459   0.8153337   -0.27437788   0.17041379
0.019463487   0.21508807   0.046569616   -0.04515723   0.24568804   0.088724695   -0.49937332   -0.07342285   0.116438165   0.7742517   -0.25253686   0.16503236
0.012269668   0.21885929   0.044748783   -0.023077615   0.22619958   0.09918209   -0.49100628   -0.07573332   0.103198655   0.7145582   -0.22514713   0.15771884
0.0035654232   0.22439739   0.039925158   0.004975103   0.20514406   0.11426436   -0.46890935   -0.07767604   0.088384   0.63208586   -0.19095498   0.14895219
-0.0054649934   0.23063767   0.031748056   0.036112018   0.18274747   0.13895437   -0.43427834   -0.074908964   0.07448548   0.5306198   -0.14740562   0.1383507
-0.015420552   0.23616269   0.020483157   0.0697628   0.15619984   0.16800052   -0.3879307   -0.06596513   0.063137785   0.413822   -0.09103019   0.1218009
-0.026946308   0.23486379   0.012991989   0.105726875   0.12543692   0.18527108   -0.33382276   -0.057546847   0.059215657   0.29181403   -0.020640068   0.09609778
-0.035428654   0.22433275   0.008440783   0.13914391   0.10456102   0.17994285   -0.27701154   -0.054118507   0.06178797   0.1715641   0.059711553   0.06382677
-0.01885195   0.18842116   -0.0014320035   0.22112718   0.15454824   0.16579553   -0.2543969   -0.071715295   0.07043329   0.13520426   0.1375944   0.06369516
-0.034727834   0.1734887   -0.00677198   0.21980399   0.2771801   0.13575235   -0.25288692   -0.04732091   0.03517559   0.24875686   0.20760407   0.040234435
0.002514854   0.17494822   -0.02604484   0.22512788   0.343569   0.13334203   -0.23334765   -0.023762725   0.013157316   0.19712947   0.20188388   0.00095013157
0.013022307   0.18447363   -0.04677265   0.23316765   0.43001595   0.106714405   -0.1732006   -0.043750033   0.04879722   0.19189067   0.2919977   -0.002370473
-0.0016997121   0.17619896   -0.070287354   0.24467191   0.45120105   0.048004113   -0.1254443   -0.06835694   0.068065204   0.18214309   0.39442927   -0.02245624
-0.03760682   0.17258245   -0.09156063   0.297602   0.3319336   -0.025610484   -0.095716566   -0.104705624   0.07046056   0.13927652   0.44401547   -0.04431534
-0.09578195   0.17419532   -0.11280887   0.39465636   0.03299985   -0.10197794   -0.066073   -0.1486633   0.069116674   0.09230358   0.44434136   -0.059616003
-0.1433039   0.17256734   -0.107722044   0.4799863   -0.16917203   -0.10510212   -0.05932268   -0.15540142   0.048196018   0.053299893   0.39849406   -0.053372066
-0.17885435   0.16533011   -0.10109506   0.5667426   -0.22512096   -0.11949402   -0.040623274   -0.16179554   0.034804657   0.015638553   0.3566847   -0.07213718
-0.23199159   0.16273668   -0.09500663   0.6486547   -0.2541361   -0.136129   -0.02614886   -0.16312085   0.027482077   -0.011406563   0.33555666   -0.09097658
-0.28413302   0.1618878   -0.08891365   0.72012144   -0.2780002   -0.15116659   -0.013237756   -0.1635839   0.024601325   -0.031679064   0.32691088   -0.101278365
-0.3380633   0.1618819   -0.0837422   0.78205496   -0.29552826   -0.15282305   -0.0027038567   -0.16100547   0.025798678   -0.04142435   0.3127092   -0.10613711
-0.38569203   0.16372107   -0.08134782   0.8347196   -0.3116087   -0.15198997   0.009688076   -0.1629134   0.02802153   -0.0477992   0.30045906   -0.112017184
-0.4296993   0.16524138   -0.081091225   0.874536   -0.32515633   -0.15502584   0.021852385   -0.16998523   0.02964992   -0.048308045   0.29591238   -0.115591586
-0.4700906   0.16647129   -0.08286826   0.8993016   -0.33450535   -0.15831813   0.030934561   -0.17739396   0.030676655   -0.04257314   0.29550588   -0.11591685
-0.50302273   0.16845842   -0.08563785   0.90907943   -0.340452   -0.15876235   0.03432283   -0.1811252   0.032163747   -0.032312036   0.2944545   -0.11585188
-0.52533996   0.16939773   -0.08668698   0.90212053   -0.34315965   -0.1599127   0.03480405   -0.18350497   0.033103853   -0.020482361   0.2939153   -0.11647886
-0.53895444   0.16833392   -0.08515285   0.8759175   -0.33856556   -0.16446364   0.033758957   -0.18411075   0.033432417   -0.0063355267   0.2918169   -0.11770955
-0.5424169   0.16608006   -0.081717834   0.82832325   -0.32564783   -0.17335165   0.03241683   -0.18386039   0.03321907   0.008965522   0.2868435   -0.118927315
-0.5344187   0.16266507   -0.07534747   0.7616802   -0.30184248   -0.18437096   0.030393306   -0.18302411   0.03345993   0.026544005   0.27817118   -0.118582994
-0.5165778   0.15752074   -0.067227006   0.68028814   -0.26437202   -0.19611207   0.027761567   -0.18013376   0.032669432   0.04724677   0.25919798   -0.11777809
-0.48256946   0.14938486   -0.05109121   0.5787222   -0.20931555   -0.20711786   0.024760824   -0.18031162   0.0339728   0.06771593   0.24315289   -0.11233236
-0.44135958   0.1397964   -0.03444384   0.46689713   -0.138557   -0.21756259   0.022242408   -0.17987788   0.036749452   0.09009673   0.22149163   -0.1112767
-0.3955537   0.13236493   -0.021521943   0.35418016   -0.053380203   -0.22237158   0.022499453   -0.17454325   0.03627929   0.11532988   0.1938299   -0.11041242
-0.33874053   0.12429206   -0.00030336715   0.23209113   0.031157928   -0.19729334   0.03232606   -0.17062661   0.038533956   0.14199266   0.21362635   -0.09539986
-0.3008914   0.10313378   0.008414162   0.20866796   0.11918024   -0.15421388   0.054547977   -0.12549163   0.05922526   0.1777701   0.252271   -0.057167135
-0.3110168   0.066465765   -0.003961595   0.267985   0.1823052   -0.09365508   0.058249842   -0.08869071   0.04989288   0.16000892   0.36581498   -0.020776678
-0.28076172   0.042386375   0.031815797   0.25672612   0.19476618   -0.065788984   0.079399124   -0.080867045   0.07754642   0.14562903   0.4708335   0.002759546
-0.23289934   0.045996293   0.034614146   0.2304033   0.22980927   -0.03725273   0.09321846   -0.07678527   0.11003559   0.14048259   0.5136356   0.011471938
-0.18766674   0.06429982   0.031056525   0.19321708   0.28114593   -0.010751851   0.09653747   -0.075390145   0.14719737   0.14277509   0.5161944   0.013501707
-0.14674892   0.09762915   0.028339634   0.15011469   0.34496894   0.023030601   0.08504835   -0.07768832   0.18542498   0.17787679   0.4684416   0.02453709
-0.10829272   0.14405087   0.02579779   0.10151995   0.40717736   0.06470663   0.048676845   -0.07917194   0.21977818   0.25726014   0.33479166   0.04934003
-0.07829875   0.1918641   0.019926945   0.05032856   0.42631397   0.06954389   -0.023130942   -0.079135716   0.23576224   0.3524692   0.0909129   0.09699994
-0.047199845   0.21647063   0.023505254   0.0044753775   0.4072066   0.05832597   -0.10448569   -0.06957519   0.23321924   0.44672257   -0.14516765   0.13823509
-0.030648157   0.23113498   0.03931403   -0.026636638   0.3919671   0.06749307   -0.16464868   -0.06820643   0.22446239   0.5449352   -0.22306722   0.17334771
-0.03720288   0.2223511   0.052387945   -0.027843304   0.3524464   0.053398646   -0.18630016   -0.0813687   0.20624927   0.600656   -0.259687   0.1832706
-0.02238359   0.23332512   0.043837212   -0.08170923   0.3228267   0.08917556   -0.264339   -0.06954973   0.19215044   0.68247545   -0.2666315   0.19142675
-0.010672845   0.23276734   0.05256424   -0.08507586   0.2999567   0.09755326   -0.31613764   -0.07140208   0.18468308   0.73905706   -0.28223842   0.18754825
0.0038783252   0.23218554   0.055097297   -0.089612745   0.28631708   0.10685965   -0.3708863   -0.07053575   0.18254575   0.7858241   -0.29516795   0.1784747
0.012210958   0.22816655   0.05792757   -0.09378474   0.27423987   0.11036759   -0.41555405   -0.07166914   0.17529428   0.8186125   -0.30235106   0.1707815
0.019287251   0.22749794   0.060223624   -0.090939485   0.27087155   0.10827988   -0.4509124   -0.07153233   0.16465548   0.8302094   -0.29952583   0.16655335
0.023697942   0.22869211   0.05965899   -0.0797564   0.27037343   0.10474589   -0.47899365   -0.07401959   0.15337649   0.8244849   -0.28709465   0.16779721
0.024622642   0.22998971   0.058337145   -0.06466951   0.26706335   0.10381942   -0.49681172   -0.07755453   0.14012958   0.8014961   -0.26683784   0.1691379
0.020619005   0.23218799   0.056292392   -0.046952315   0.25644442   0.10807022   -0.50306803   -0.08040993   0.12459682   0.75995594   -0.24088177   0.16701442
0.013331436   0.23598102   0.053725265   -0.02634263   0.23690131   0.11824419   -0.49501923   -0.08306223   0.10853598   0.6975009   -0.2102291   0.16154486
0.004835222   0.24063927   0.049911007   3.372878e-05   0.20936015   0.13468367   -0.47213933   -0.08566204   0.09459103   0.6140572   -0.17399159   0.15253884
-0.003505893   0.2458474   0.042231664   0.030058447   0.18019323   0.15974015   -0.43621674   -0.08240093   0.0804288   0.5113586   -0.12867185   0.13952425
-0.012508417   0.24908194   0.032078348   0.065332904   0.14762798   0.18507826   -0.38820878   -0.07533503   0.070357285   0.39426458   -0.07010684   0.12142038
-0.022870136   0.24428594   0.024061887   0.10322385   0.1144977   0.19523823   -0.33271894   -0.06880272   0.06634296   0.27095574   0.0026592538   0.09391615
-0.009360457   0.23369539   0.019380921   0.14948332   0.13663906   0.20550078   -0.29941043   -0.07709867   0.07443522   0.15315229   0.09143523   0.09308106
0.006121412   0.19330147   0.006840525   0.24220806   0.23496695   0.1490381   -0.28717613   -0.06850339   0.07365901   0.17130251   0.19166425   0.08538851
-0.022959094   0.18286222   -0.006272448   0.24265131   0.31713843   0.12283199   -0.26549065   -0.05328273   0.04286831   0.25483853   0.23795748   0.048425663
-0.011291686   0.1892125   -0.026201466   0.24191174   0.3528635   0.1235792   -0.23176578   -0.03900204   0.029755913   0.20183215   0.24094677   0.008896071
-0.0044108853   0.19307384   -0.0555534   0.25863737   0.42316014   0.091003664   -0.17065139   -0.0578117   0.063453406   0.202108   0.34150085   0.0035180561
-0.021055501   0.18359545   -0.08294632   0.28113213   0.41159812   0.03233307   -0.123864725   -0.0847717   0.0767817   0.18233   0.43234506   -0.020628814
-0.05892645   0.18174672   -0.10675762   0.34415892   0.24387895   -0.045262717   -0.09225471   -0.12454669   0.080338046   0.13444197   0.47066626   -0.037999026
-0.114678085   0.18349105   -0.121849254   0.4245541   -0.06024667   -0.101480015   -0.06885728   -0.15679185   0.07369467   0.09007145   0.45577797   -0.045122523
-0.14967671   0.17798415   -0.11168472   0.5041361   -0.19031237   -0.108889356   -0.05749568   -0.16096349   0.055664256   0.04928336   0.40511033   -0.047580626
-0.185173   0.17479062   -0.10534771   0.58230776   -0.23388393   -0.12338616   -0.04141817   -0.16621682   0.042384423   0.011639612   0.3652803   -0.073209584
-0.23549932   0.17260313   -0.09807487   0.6557395   -0.26114163   -0.14438775   -0.02641188   -0.1694865   0.035550684   -0.01731059   0.34512427   -0.09679657
-0.29014236   0.16984928   -0.09193531   0.72399503   -0.28181806   -0.1569519   -0.012636054   -0.17020169   0.031240858   -0.03680888   0.33235607   -0.10972533
-0.34254202   0.1686858   -0.08689718   0.78411704   -0.29828405   -0.15917495   -0.00070217624   -0.1698603   0.03072872   -0.047405943   0.3185072   -0.11687544
-0.39231732   0.16848502   -0.08428095   0.8359739   -0.31192005   -0.15647593   0.010610435   -0.17168537   0.032082997   -0.052145556   0.30560854   -0.122281656
-0.43625677   0.16875458   -0.083410844   0.87555975   -0.32486132   -0.1564005   0.021466281   -0.17852733   0.033462048   -0.05249004   0.29996654   -0.12521163
-0.47702098   0.16938165   -0.08464709   0.9011239   -0.3338305   -0.15633012   0.027954798   -0.18455441   0.034956843   -0.0461677   0.2955807   -0.12583515
-0.5064518   0.17039964   -0.08641895   0.9103288   -0.34155378   -0.15917099   0.034002166   -0.19146743   0.03582123   -0.037831962   0.29744008   -0.12635651
-0.53120255   0.17021424   -0.08766326   0.9030393   -0.3434429   -0.15980543   0.034703355   -0.19288494   0.036463648   -0.022196114   0.29657093   -0.12705122
-0.5445062   0.16906673   -0.086271286   0.8776346   -0.3387483   -0.1616757   0.033242624   -0.19252782   0.03652411   -0.0072489083   0.29383782   -0.12939979
-0.54780746   0.16692942   -0.08164562   0.8303715   -0.32479092   -0.16867349   0.030548338   -0.19184516   0.036381662   0.008734599   0.28893754   -0.13051306
-0.5389638   0.16409463   -0.075469226   0.7637339   -0.3004481   -0.18086082   0.027901512   -0.19043794   0.036338367   0.026686564   0.27775985   -0.13099708
-0.51959866   0.1595541   -0.06649296   0.6808113   -0.26152486   -0.19409019   0.025404047   -0.18790925   0.035382025   0.04759565   0.25887716   -0.12999909
-0.4855796   0.15219939   -0.050718263   0.5781491   -0.20475163   -0.20631537   0.02261224   -0.1874669   0.036006816   0.06933071   0.24110162   -0.12485924
-0.44533145   0.14357251   -0.03505838   0.4670726   -0.13196139   -0.21741149   0.020094346   -0.18556614   0.038168132   0.092771605   0.21615508   -0.123252854
-0.39591163   0.13671255   -0.021249125   0.35320202   -0.04659135   -0.21960804   0.019591626   -0.17986277   0.038043834   0.11731967   0.19034374   -0.12031305
-0.3499595   0.13339707   -0.00014268048   0.2315518   0.038207226   -0.17359656   0.03237364   -0.17762238   0.039887764   0.1519517   0.22717717   -0.096664414
-0.30091187   0.1063007   0.011735661   0.20474091   0.1283213   -0.15030026   0.056660037   -0.13167827   0.061682284   0.18113546   0.26922137   -0.057505365
-0.30649912   0.077601545   -0.0020508785   0.2848628   0.17507656   -0.0870459   0.04531039   -0.09227766   0.06807154   0.16148694   0.35263377   -0.02526996
-0.2807495   0.04795125   0.03794484   0.26066664   0.1822592   -0.0665736   0.07106957   -0.09038923   0.0926284   0.14008792   0.45329174   -0.013389625
-0.23478088   0.0495971   0.03908731   0.2300531   0.22919323   -0.040065542   0.09047395   -0.0865076   0.12195842   0.13525024   0.50479996   -0.0050820857
-0.18858561   0.06866274   0.034555495   0.19585142   0.28515467   -0.011916459   0.09738535   -0.082678996   0.15810558   0.1347379   0.51426065   0.0029494502
-0.14745001   0.10183275   0.033363655   0.15303653   0.34647   0.024263628   0.08638215   -0.08400945   0.19516668   0.16581003   0.47028   0.018816058
-0.10997245   0.14860663   0.029567895   0.10318843   0.40537623   0.065920256   0.051873174   -0.084935285   0.2258012   0.24125476   0.3392455   0.04776563
-0.075984724   0.19645143   0.02501993   0.051253326   0.42673537   0.07175151   -0.01979876   -0.081744984   0.24264151   0.33659887   0.09106184   0.09700951
-0.047116164   0.22025341   0.028863167   0.00753998   0.4134287   0.055864982   -0.09929305   -0.07490523   0.23752227   0.42852038   -0.14665651   0.141096
-0.035228703   0.23400167   0.040923446   -0.028732754   0.38970086   0.06385014   -0.16252814   -0.07295621   0.2275753   0.5372555   -0.21895579   0.17032719
-0.021618145   0.23752153   0.054934904   -0.06657348   0.3518878   0.08179902   -0.22426015   -0.06762015   0.21420595   0.63534576   -0.2506743   0.18565154
-0.012435015   0.23626101   0.067246124   -0.08607925   0.32317954   0.09187835   -0.28004065   -0.064573415   0.20304638   0.7050618   -0.26925337   0.1895158
-0.004339874   0.23685569   0.06969882   -0.10321113   0.2991301   0.10251542   -0.3384448   -0.06275288   0.19453996   0.7655089   -0.2848003   0.1846807
0.004967328   0.23437127   0.07241852   -0.1129755   0.28266186   0.10582455   -0.38471472   -0.06388175   0.18247125   0.8050194   -0.29591432   0.177526
0.01323209   0.23332363   0.071624935   -0.111271344   0.27501798   0.10557734   -0.42517492   -0.065575145   0.17078987   0.8275829   -0.29972142   0.17218816
0.020140879   0.23342663   0.07020844   -0.103041224   0.27369776   0.102894746   -0.45868218   -0.06962512   0.15949696   0.8327863   -0.29538944   0.1715653
0.02250953   0.23432183   0.06729321   -0.088866405   0.27232495   0.10013547   -0.48555872   -0.0738624   0.14698496   0.8244759   -0.28241226   0.17293257
0.020795748   0.23509961   0.065212265   -0.0722421   0.26552355   0.10001353   -0.50053996   -0.07762844   0.13309705   0.7998777   -0.2636599   0.1722818
0.015992828   0.23631665   0.06266759   -0.052778326   0.25054455   0.10541614   -0.50380826   -0.080091886   0.118991636   0.75794256   -0.24031559   0.16796339
0.009206839   0.239607   0.05943936   -0.029354006   0.2307591   0.115946226   -0.49526018   -0.08196433   0.103943005   0.6962327   -0.2115578   0.16154027
0.0015711933   0.2444031   0.05473887   -0.00079758465   0.20746909   0.13144776   -0.4727796   -0.08321538   0.089825235   0.6131844   -0.17648253   0.1520051
-0.0072970167   0.24978232   0.04679513   0.030522294   0.18141855   0.1560663   -0.43656573   -0.07997607   0.0762798   0.5117384   -0.13231668   0.13942823
-0.017641068   0.2532175   0.037377857   0.065515704   0.14790222   0.18200776   -0.387967   -0.07305661   0.06794729   0.39722633   -0.07548579   0.12101686
-0.029715557   0.24956813   0.028077299   0.10246445   0.1132422   0.19532171   -0.33016244   -0.065246396   0.06288692   0.2755776   -0.0054066554   0.09423648
-0.03705184   0.2349259   0.02766948   0.14354436   0.09132799   0.18047443   -0.2796214   -0.06676409   0.072020575   0.16059466   0.076893516   0.059674624
-0.02017609   0.20218721   0.006122997   0.22777206   0.15823774   0.16226491   -0.25745004   -0.07891801   0.076459505   0.12418288   0.15757635   0.071523115
-0.037003614   0.18631497   -0.0013699625   0.22937632   0.27835706   0.1363805   -0.25253263   -0.0539985   0.041364096   0.24815063   0.22825775   0.050089452
-0.0024612546   0.18674001   -0.021692261   0.22881144   0.33242375   0.14117649   -0.23010205   -0.030057445   0.01758597   0.18769215   0.21795225   0.005447615
0.0070457533   0.1956553   -0.04708664   0.241894   0.41071966   0.11298434   -0.16623354   -0.052262068   0.055286467   0.1837991   0.31437838   0.003267575
-0.0075339526   0.18782547   -0.07020079   0.2545938   0.41458133   0.04993307   -0.12219274   -0.07842308   0.07305925   0.17224292   0.41060317   -0.015168387
-0.040858462   0.18420464   -0.093144946   0.30516165   0.2876521   -0.024122953   -0.09541896   -0.11285328   0.073526174   0.12551713   0.448995   -0.03440464
-0.09538846   0.18619502   -0.113949634   0.391532   -0.0064016795   -0.09733853   -0.06559524   -0.1529504   0.069226116   0.081267096   0.44078156   -0.04878412
-0.13575114   0.1836944   -0.10915875   0.4719374   -0.1758818   -0.10814465   -0.056143735   -0.16009521   0.0520216   0.042430483   0.39288646   -0.050380837
-0.17219049   0.17782342   -0.10487356   0.55587643   -0.22748736   -0.12258234   -0.037136424   -0.16765305   0.039122194   0.0053920466   0.35384193   -0.076031536
-0.22230184   0.17489296   -0.099360645   0.6350946   -0.2572749   -0.14196746   -0.022969913   -0.17100644   0.031706534   -0.023035835   0.33456323   -0.10032439
-0.27700734   0.1710164   -0.09367844   0.7078461   -0.27894512   -0.15298982   -0.010827843   -0.1712627   0.027131833   -0.04240708   0.3225576   -0.11345109
-0.3297831   0.16936754   -0.08881118   0.7720019   -0.2965534   -0.1556019   8.805469e-05   -0.17054951   0.026549913   -0.053480253   0.30934772   -0.12134318
-0.37913534   0.16896123   -0.08599132   0.8261327   -0.31132475   -0.15529001   0.011321772   -0.17272775   0.028081678   -0.058060244   0.29801357   -0.12773299
-0.4238163   0.16918683   -0.08522932   0.86702436   -0.32461002   -0.15704891   0.022147756   -0.1795739   0.029699609   -0.057322577   0.29421508   -0.1315923
-0.46481833   0.16987392   -0.086387396   0.8932795   -0.3341221   -0.15787452   0.028826896   -0.18590981   0.03121578   -0.050312296   0.29248136   -0.13229987
-0.49529693   0.17136823   -0.088225424   0.90314305   -0.34178925   -0.15963775   0.03342465   -0.1919088   0.03258782   -0.040584907   0.29438686   -0.13268182
-0.5204349   0.17193544   -0.089462236   0.89692277   -0.34360942   -0.15947634   0.032504436   -0.19301966   0.033606112   -0.024646215   0.293277   -0.13337806
-0.5337895   0.17126179   -0.0879889   0.8718425   -0.3392729   -0.16244043   0.030632894   -0.19367145   0.033763155   -0.009788826   0.29136762   -0.13557571
-0.53779197   0.16956288   -0.08431496   0.825207   -0.32591653   -0.1706332   0.02806392   -0.1932984   0.033109985   0.006648481   0.28588295   -0.13705862
-0.5299503   0.16690275   -0.07815927   0.75895494   -0.30163145   -0.18229401   0.025098901   -0.19278511   0.03307108   0.02524785   0.27623817   -0.13721116
-0.5090654   0.16234916   -0.06783533   0.67287517   -0.26221177   -0.19442165   0.02148952   -0.19201711   0.033207208   0.045916483   0.26257294   -0.13508263
-0.47697157   0.15612939   -0.0547522   0.57008046   -0.20392665   -0.20711216   0.017051574   -0.1899648   0.033186875   0.06902364   0.23832291   -0.1299335
-0.4363692   0.14602089   -0.03782858   0.45819637   -0.13118385   -0.21778718   0.014862802   -0.18987738   0.03383971   0.09128657   0.21448988   -0.12793006
-0.3841057   0.14016598   -0.023752624   0.34206367   -0.045682613   -0.22318724   0.013339069   -0.18430799   0.034813277   0.11411206   0.18891254   -0.12454805
-0.34120545   0.13195822   -0.006543005   0.23248255   0.036712125   -0.1815061   0.024350192   -0.17619841   0.034936167   0.14963466   0.20538035   -0.10261884
-0.29659984   0.10657968   0.008217251   0.19974536   0.12507263   -0.15705355   0.05207653   -0.13888292   0.05547189   0.17612326   0.2616227   -0.06514609
-0.29860264   0.078866534   -0.0036224816   0.2794473   0.16775966   -0.09519383   0.04440598   -0.09689547   0.06527599   0.1556676   0.3458167   -0.036695853
-0.27461055   0.04887572   0.03635305   0.25766823   0.17229655   -0.0712609   0.071043625   -0.096590176   0.08960544   0.13165608   0.44789174   -0.027299594
-0.23080257   0.04959186   0.03691469   0.22712219   0.22177958   -0.043161243   0.09213737   -0.09343566   0.11867573   0.12654926   0.49916944   -0.01914699
-0.18644527   0.06881805   0.031651653   0.19537875   0.27836242   -0.014733247   0.09934154   -0.0891081   0.1537933   0.12501593   0.5079428   -0.0100071095
-0.14806932   0.09958942   0.032179706   0.15199137   0.33814213   0.020301811   0.089625776   -0.09021366   0.19050813   0.15161285   0.47332722   0.007492151
-0.110516876   0.14423355   0.029062876   0.10377667   0.39891824   0.06407594   0.057073962   -0.0908638   0.22224835   0.22497953   0.35886195   0.038712744
-0.07318604   0.19495767   0.022298662   0.054760717   0.4245394   0.073518805   -0.012486953   -0.08731458   0.24047852   0.31757432   0.11065993   0.09161861
-0.048679963   0.22058353   0.024383957   0.009208269   0.4102548   0.05859872   -0.09745833   -0.07991715   0.2370595   0.4187582   -0.12849987   0.13396949
-0.033036776   0.23555353   0.03742729   -0.028923966   0.38644275   0.066576056   -0.16168909   -0.076721884   0.22949257   0.5284591   -0.21480134   0.16664055
-0.018262183   0.24004495   0.05445545   -0.05972483   0.36008993   0.08280761   -0.2222077   -0.06798819   0.21844888   0.6256794   -0.2489728   0.1833787
-0.011406891   0.24018157   0.06254871   -0.08578297   0.3261114   0.09676481   -0.28348476   -0.06433586   0.20657575   0.7063197   -0.27066112   0.18739095
-0.001882486   0.23855036   0.06886455   -0.10454079   0.29945058   0.10516984   -0.3367637   -0.06177164   0.19544524   0.7646134   -0.28705147   0.1826801
0.0063104704   0.23714468   0.06994473   -0.112302   0.28111503   0.10982584   -0.38697484   -0.062313348   0.18477249   0.80858296   -0.29749498   0.17640752
0.016438067   0.2352528   0.07160213   -0.11231483   0.27523616   0.10885089   -0.42698988   -0.06418288   0.17226627   0.8308703   -0.30140606   0.17211646
0.022189848   0.23537493   0.06930497   -0.10344035   0.27409682   0.10591831   -0.4621056   -0.06780574   0.16023701   0.8378807   -0.29683685   0.17174336
0.02532129   0.2355729   0.06753798   -0.09269687   0.27129123   0.10280969   -0.4841229   -0.07233552   0.14701214   0.82611036   -0.28615004   0.17294562
0.024505839   0.2361426   0.06402039   -0.07392397   0.2645733   0.10292526   -0.49943277   -0.07646007   0.13360932   0.8008597   -0.26679236   0.17276707
0.019938499   0.2374858   0.061801404   -0.05539868   0.24965976   0.10865065   -0.50197315   -0.08018135   0.11999123   0.75814855   -0.24381956   0.16876245
0.0133420825   0.24068102   0.058796555   -0.032574482   0.23046829   0.119299345   -0.49292046   -0.08222145   0.10475527   0.6959991   -0.2148909   0.1619164
0.0048093535   0.24439624   0.05507672   -0.0048657954   0.20305507   0.13589609   -0.46936202   -0.08539696   0.09380952   0.61384654   -0.18131173   0.15160698
-0.0036219805   0.24972412   0.047182553   0.026367791   0.17778073   0.16067827   -0.43245748   -0.082646735   0.07882577   0.5118802   -0.13723779   0.13990289
-0.015027059   0.2504529   0.038817093   0.06286505   0.1389683   0.18425581   -0.38450685   -0.079044186   0.07491601   0.39782184   -0.080194704   0.120366395
-0.023040706   0.24889997   0.027932988   0.09875065   0.11789066   0.19652766   -0.32823774   -0.065638155   0.06413227   0.2712422   -0.008215122   0.09443
-0.018315718   0.23743504   0.018240696   0.14961943   0.123440094   0.19103122   -0.28610036   -0.07623627   0.07461787   0.14726718   0.08670775   0.102944374
-0.020509325   0.20021775   0.0056174602   0.2271479   0.16623963   0.16622448   -0.25319368   -0.08264758   0.07898408   0.13371977   0.16507491   0.082374424
-0.036663175   0.18683597   -0.0029201303   0.23095804   0.28267032   0.14100277   -0.25068158   -0.055571385   0.04161589   0.24738947   0.22702521   0.052336413
-0.002487786   0.18818441   -0.023224084   0.23350686   0.34051827   0.1435991   -0.22787094   -0.031795613   0.019066535   0.18632253   0.21552357   0.008486826
0.0034539402   0.19692591   -0.047005385   0.24745306   0.41869268   0.1123813   -0.16528735   -0.054715723   0.058618754   0.18803473   0.31958374   0.007977236
-0.011443734   0.18855761   -0.071957886   0.26042455   0.42214698   0.04406447   -0.11823421   -0.08179155   0.07642815   0.17065522   0.42600644   -0.010137986
-0.051100373   0.1849696   -0.09617992   0.31342265   0.28303164   -0.035087287   -0.089953065   -0.11963263   0.07653874   0.12797605   0.4766436   -0.028791506
-0.10885506   0.18638983   -0.1171018   0.39970478   -0.017501734   -0.10366476   -0.0613632   -0.15879273   0.0704681   0.08600515   0.4811345   -0.045737576
-0.15079844   0.18287024   -0.11068609   0.4826055   -0.17646672   -0.110454336   -0.05174182   -0.16435543   0.053418316   0.04928097   0.4492189   -0.048229467
-0.23140642   0.13654476   -0.10599396   0.42321014   -0.13948111   -0.15677686   0.006320443   -0.13988917   0.06343108   0.03299219   0.57142305   -0.01625536
-0.22358312   0.13849378   -0.095925614   0.41788268   -0.1440592   -0.19736578   0.03548908   -0.15290403   0.05170612   0.007836103   0.57846516   -0.016797837
-0.21840307   0.1324901   -0.07233599   0.36696684   -0.13577075   -0.22619468   0.03663734   -0.16671067   0.03753127   -0.026984312   0.51576793   -0.01715086
-0.21804982   0.13137518   -0.06052556   0.29815596   -0.09863701   -0.24093974   0.025113676   -0.16452849   0.026615046   -0.05454631   0.43194818   -0.016405758
-0.20554247   0.12659958   -0.046575636   0.21039626   -0.05818546   -0.25293094   0.024418723   -0.16398919   0.01673869   -0.07837321   0.35261837   -0.017725285
-0.17745256   0.12460202   -0.03288474   0.097167924   -0.02137842   -0.26162016   0.03494445   -0.16145414   0.010305986   -0.0923425   0.297487   -0.020259257
-0.12433183   0.13089767   -0.018607792   -0.044198774   -0.0058937958   -0.26272374   0.052027863   -0.15300162   0.008995943   -0.09656285   0.2637299   -0.018175717
-0.08063818   0.1410276   -0.023435663   -0.13421154   0.057627067   -0.22040685   0.07461412   -0.12659553   0.029695146   -0.093341246   0.28050584   0.017338395
-0.012399755   0.14320177   -0.032771647   -0.17481819   0.19200405   -0.18242031   0.10518581   -0.10965502   0.06239762   -0.0840594   0.32727224   0.061148193
0.044269226   0.147666   -0.044880405   -0.21561801   0.33276528   -0.12774462   0.11778915   -0.10045817   0.08186176   -0.063813895   0.35886452   0.09020442
0.075471185   0.16174129   -0.064225994   -0.23538536   0.46284828   -0.11163075   0.11624527   -0.08548023   0.09376626   -0.044297986   0.33899882   0.08982971
0.06882296   0.17338997   -0.050134264   -0.22485536   0.467799   -0.13140479   0.14015669   -0.07873717   0.09683979   -0.08258244   0.31830922   0.089469686
0.0858082   0.15993941   -0.044941686   -0.22720492   0.42675236   -0.12251559   0.16578344   -0.09368246   0.10982824   -0.11852905   0.3340792   0.089458674
0.10201047   0.16373846   -0.05620811   -0.22128475   0.433449   -0.14406863   0.18950716   -0.08615206   0.108872354   -0.14945947   0.33666024   0.06473814
0.0926785   0.1615336   -0.04774131   -0.21579427   0.4201174   -0.16088675   0.20901033   -0.09961323   0.111603394   -0.1803344   0.36236146   0.05141713
0.092890024   0.16023311   -0.04508628   -0.22836009   0.4039962   -0.15766388   0.21191761   -0.105800055   0.10856801   -0.19408454   0.36790887   0.0542803
0.096936196   0.16779763   -0.042052865   -0.22963649   0.39908797   -0.16770335   0.21582395   -0.10334124   0.10946086   -0.20355408   0.37251273   0.057644103
0.09829189   0.16715878   -0.033187583   -0.23249638   0.3926309   -0.16734177   0.21606156   -0.10625659   0.11468777   -0.20778169   0.390101   0.07007596
0.09994055   0.16821343   -0.027233083   -0.23563349   0.39057443   -0.16432184   0.21424195   -0.10634606   0.1176108   -0.20989682   0.40158257   0.08283998
0.10101722   0.16944498   -0.023674373   -0.238002   0.3926023   -0.16225809   0.21302575   -0.106176466   0.12001232   -0.2127278   0.40507916   0.0910514
0.10177955   0.17061982   -0.021132417   -0.23962215   0.39450487   -0.16126126   0.2127783   -0.10603804   0.12188986   -0.21612105   0.4060032   0.096212626
0.10223681   0.17184088   -0.018909415   -0.24064946   0.3944721   -0.16099775   0.21297443   -0.10581432   0.12340512   -0.22003073   0.40706   0.09994234
0.10255776   0.17323586   -0.017024035   -0.24163765   0.3924375   -0.16138688   0.21294579   -0.1055483   0.12442434   -0.2244875   0.4069549   0.10263991
0.103033304   0.17485482   -0.01565949   -0.24293268   0.38883176   -0.16248947   0.21271047   -0.10519898   0.124874935   -0.2294306   0.4042206   0.104090884
0.10367198   0.17651084   -0.01476755   -0.24469945   0.38397345   -0.1641902   0.21258515   -0.10482302   0.12486905   -0.2345527   0.39937404   0.10442376
0.10443771   0.17807856   -0.014249029   -0.24703082   0.37843844   -0.16618256   0.21266854   -0.10446755   0.124532335   -0.23949759   0.3935943   0.10404721
0.10529412   0.17960232   -0.01404199   -0.24980545   0.37304464   -0.16825265   0.21282065   -0.10412189   0.123947315   -0.24410863   0.38753098   0.10324201
0.10625732   0.18109536   -0.014060872   -0.2528619   0.36824596   -0.17035796   0.21292761   -0.10378729   0.12322814   -0.24835356   0.38133046   0.10213345
0.107410446   0.18247865   -0.014184661   -0.25614548   0.36418357   -0.17232159   0.21300232   -0.103470355   0.122478776   -0.25206286   0.37551755   0.10111925
0.10859975   0.18377331   -0.014394337   -0.25941792   0.36107543   -0.17413296   0.21301672   -0.10312614   0.12171816   -0.25523895   0.37036252   0.10022242
0.10970077   0.18493928   -0.014670363   -0.26258308   0.35890302   -0.17582086   0.21296185   -0.10282615   0.12094719   -0.257908   0.3658126   0.09937921
0.11072627   0.18598694   -0.014987741   -0.2655358   0.35768238   -0.17734796   0.21295491   -0.10257295   0.1201899   -0.2600994   0.36209998   0.098653674
0.11160943   0.1868909   -0.015323214   -0.26813936   0.3573107   -0.17868167   0.21291181   -0.102339394   0.119487144   -0.26176834   0.35922706   0.09804618
0.11235696   0.18766409   -0.015637048   -0.27036294   0.3576165   -0.17982322   0.21282205   -0.10212839   0.11887017   -0.2629935   0.3571068   0.09756182
0.11298245   0.18830177   -0.01589462   -0.2722319   0.35841337   -0.18075156   0.21270916   -0.101950675   0.11834853   -0.26383132   0.3557265   0.097265214
0.11346494   0.18881933   -0.016103983   -0.27373496   0.35955063   -0.18147928   0.21251085   -0.101790205   0.11791434   -0.26433676   0.35483226   0.0970899
0.11382252   0.1892217   -0.01625793   -0.27493668   0.36082456   -0.18204194   0.21225926   -0.1016655   0.11756285   -0.26462072   0.35422376   0.09698215
0.11405955   0.18951394   -0.016357306   -0.27589113   0.36204845   -0.18246627   0.21196258   -0.101584   0.11728097   -0.26476282   0.3537422   0.09690504
0.114197254   0.18970823   -0.016410636   -0.2766687   0.36308113   -0.18278074   0.21163741   -0.101553455   0.1170533   -0.26485652   0.35323182   0.096809894
0.11425385   0.1898196   -0.016427482   -0.2773361   0.36381683   -0.18301854   0.21129718   -0.101578996   0.11686297   -0.2649833   0.3525587   0.09665474
0.11424869   0.1898629   -0.016417572   -0.27795762   0.36418405   -0.1832132   0.2109597   -0.1016653   0.11669409   -0.26521182   0.35162672   0.096410185
0.1142018   0.1898523   -0.016391523   -0.27858707   0.36415324   -0.18339223   0.21064302   -0.10181303   0.11653315   -0.265588   0.35038495   0.09606135
0.114133224   0.18980217   -0.016359396   -0.27926368   0.36373964   -0.18357486   0.21036264   -0.1020182   0.116371185   -0.26613533   0.34882852   0.09560691
0.11406021   0.18972631   -0.016328938   -0.28001142   0.36299685   -0.1837717   0.210129   -0.10227259   0.11620366   -0.26685542   0.34699342   0.095059946
0.113996044   0.18963754   -0.016305348   -0.28083917   0.36200354   -0.18398686   0.20994636   -0.102564886   0.11603022   -0.26773137   0.34494346   0.09444383
0.113949805   0.18954718   -0.016291479   -0.2817424   0.36085257   -0.18421873   0.20981327   -0.10288137   0.11585348   -0.26873326   0.34275952   0.093788624
0.11392628   0.18946448   -0.016288377   -0.28270596   0.35963604   -0.18446285   0.20972398   -0.10320793   0.11567823   -0.26982337   0.3405253   0.0931243
0.11392829   0.18939683   -0.01629579   -0.28370804   0.35844436   -0.18471049   0.20967022   -0.10353015   0.115510635   -0.2709601   0.33832607   0.09248081
0.11395362   0.18934941   -0.016312448   -0.28472313   0.3573473   -0.18495417   0.20963934   -0.10383472   0.115356594   -0.2721042   0.3362268   0.091879144
0.11399923   0.18932557   -0.01633607   -0.28572762   0.35639265   -0.18518788   0.20961979   -0.10411169   0.115221746   -0.27322417   0.33427462   0.09133452
0.114060745   0.1893268   -0.016364358   -0.2867006   0.35560435   -0.18540722   0.20959988   -0.10435352   0.11510978   -0.27429646   0.33249488   0.09085387
0.11413355   0.18935332   -0.016395325   -0.28762695   0.3549847   -0.18561077   0.2095702   -0.10455568   0.11502273   -0.27530736   0.33089057   0.090436354
0.11421302   0.18940407   -0.016427375   -0.28849784   0.35451615   -0.1858   0.20952341   -0.10471693   0.114960484   -0.27625358   0.32944533   0.09007442
0.11429487   0.18947738   -0.016459689   -0.28931072   0.3541666   -0.18597902   0.20945543   -0.10483897   0.11492109   -0.27713913   0.32812896   0.08975616
0.11437549   0.18957087   -0.016492244   -0.29006907   0.35389614   -0.18615362   0.20936492   -0.104925334   0.114900894   -0.27797496   0.3269029   0.08946687
0.11445257   0.18968152   -0.016525837   -0.29078   0.35366306   -0.18633041   0.20925334   -0.10498106   0.1148951   -0.27877504   0.3257271   0.08919147
0.1145248   0.18980625   -0.01656175   -0.29145324   0.35342965   -0.18651584   0.20912376   -0.1050119   0.11489852   -0.27955455   0.32456672   0.088915914
0.114591196   0.18994215   -0.016601635   -0.29209962   0.3531653   -0.18671563   0.20898089   -0.10502356   0.114905745   -0.28032684   0.3233923   0.08862907
0.11465116   0.19008681   -0.016647335   -0.2927297   0.35284927   -0.18693393   0.20883009   -0.10502152   0.11491195   -0.28110254   0.322185   0.08832303
0.11470492   0.19023773   -0.016700665   -0.29335243   0.35247198   -0.18717326   0.2086766   -0.105010405   0.11491333   -0.28188765   0.32093656   0.08799425
0.11475307   0.19039264   -0.016762784   -0.29397374   0.3520349   -0.18743372   0.20852491   -0.10499363   0.11490721   -0.2826839   0.31964943   0.0876427
0.11479634   0.19054979   -0.016834645   -0.29459676   0.35154846   -0.18771338   0.20837846   -0.10497351   0.11489219   -0.28348827   0.3183355   0.08727169
0.11483534   0.19070745   -0.016916364   -0.29522184   0.35103032   -0.1880087   0.20823944   -0.10495111   0.11486799   -0.28429413   0.31701225   0.08688697
0.114901826   0.19086042   -0.017011309   -0.29586   0.35053453   -0.18830064   0.20813334   -0.10492413   0.11483844   -0.28509837   0.31573606   0.08648676
0.11490819   0.1910235   -0.017108567   -0.29647598   0.35004422   -0.18860671   0.20797938   -0.10489349   0.11479747   -0.28586513   0.3144673   0.08610785
0.11492789   0.19117767   -0.017210178   -0.2970914   0.3495424   -0.18892932   0.20785972   -0.10486947   0.11475396   -0.28662497   0.3132253   0.08573505
0.11495109   0.19132188   -0.017322578   -0.29768103   0.34908476   -0.18924126   0.20774826   -0.1048376   0.11470956   -0.2873395   0.31205744   0.08536783
0.11497481   0.19146192   -0.017439581   -0.29825148   0.34869403   -0.18953773   0.20764229   -0.10480086   0.114667244   -0.28801537   0.31097245   0.08500874
0.1150253   0.19150786   -0.017396685   -0.29845837   0.34787485   -0.18987173   0.20763397   -0.10484996   0.114662945   -0.288324   0.30957484   0.084611595
0.11477682   0.19178092   -0.017664874   -0.2992334   0.34800375   -0.1901083   0.20723197   -0.104699954   0.1145951   -0.28923243   0.3089898   0.08440778
0.11486651   0.19184944   -0.01776679   -0.29970026   0.34761277   -0.190451   0.20728895   -0.10471374   0.114555776   -0.28977048   0.30799025   0.08407809
0.11499037   0.19192174   -0.017891077   -0.30014008   0.34745336   -0.19062647   0.2072444   -0.10463264   0.11456747   -0.29025424   0.30730525   0.0837307
0.115024835   0.19204062   -0.017980816   -0.30060035   0.34740978   -0.19077283   0.20710135   -0.10456654   0.11456996   -0.29072046   0.30665538   0.08345163
0.11500895   0.19216323   -0.018053465   -0.30105314   0.3473236   -0.19095555   0.20694175   -0.10451636   0.11456523   -0.29117292   0.30594426   0.083221674
0.114986956   0.19226575   -0.018128809   -0.301475   0.3471905   -0.19115177   0.20680377   -0.10447149   0.11456582   -0.29160774   0.3052246   0.08299577
0.114969164   0.19235578   -0.018208006   -0.30186644   0.34704828   -0.19133821   0.20667732   -0.10442491   0.11457448   -0.29203504   0.30452415   0.082752526
0.114947274   0.1924429   -0.018280804   -0.302239   0.34688962   -0.19151916   0.20654836   -0.104380295   0.11458912   -0.29246938   0.3038264   0.08249843
0.11491838   0.19252841   -0.01834403   -0.30260232   0.34668976   -0.1917043   0.20641646   -0.10434112   0.11460598   -0.29291612   0.30310845   0.082242906
0.11488646   0.19261014   -0.018401913   -0.30295908   0.34644464   -0.19189472   0.20628777   -0.10430659   0.11462364   -0.293373   0.3023672   0.081985995
0.114854455   0.1926873   -0.018458048   -0.3033095   0.3461686   -0.1920852   0.20616603   -0.10427453   0.11464245   -0.29383487   0.3016171   0.081726044
0.11482185   0.1927615   -0.01851289   -0.3036548   0.34587744   -0.19227186   0.20604968   -0.10424367   0.114662506   -0.29429823   0.30087242   0.081465214
0.11478731   0.19283423   -0.018565463   -0.30399594   0.34557873   -0.19245508   0.20593607   -0.10421385   0.11468357   -0.29476172   0.3001388   0.08120787
0.114750534   0.19290614   -0.018615752   -0.30433336   0.3452755   -0.19263631   0.20582429   -0.10418492   0.114705235   -0.2952237   0.29941696   0.08095659
0.11471233   0.19297704   -0.018664625   -0.304666   0.344971   -0.19281623   0.20571506   -0.104156345   0.11472723   -0.29568225   0.2987086   0.08071175
0.11467327   0.19304699   -0.018712929   -0.30499253   0.34467024   -0.19299424   0.20560876   -0.10412738   0.11474953   -0.2961346   0.29801762   0.080472976
0.114633545   0.19311589   -0.018760957   -0.30531183   0.3443784   -0.19316924   0.2055051   -0.10409726   0.11477243   -0.29657817   0.2973481   0.08024019
0.11459312   0.19318414   -0.018808475   -0.30562317   0.3440985   -0.19334039   0.20540297   -0.104065515   0.11479617   -0.29701126   0.29670244   0.08001377
0.11455181   0.19325201   -0.018855223   -0.30592626   0.34383157   -0.19350761   0.20530146   -0.104031965   0.11482092   -0.29743272   0.2960805   0.0797942
0.11450964   0.19331944   -0.018900873   -0.30622077   0.3435766   -0.19367087   0.20519975   -0.103996426   0.11484694   -0.29784244   0.29548004   0.0795811
0.11446655   0.19338638   -0.018945169   -0.30650702   0.34333175   -0.19383046   0.20509747   -0.10395898   0.114874355   -0.29824114   0.29489836   0.07937366
0.114422634   0.19345278   -0.018987974   -0.3067852   0.3430938   -0.19398688   0.20499435   -0.1039199   0.11490322   -0.29862982   0.29433203   0.07917093
0.11437774   0.19351862   -0.01902911   -0.30705604   0.34286037   -0.1941407   0.2048904   -0.10387935   0.114933446   -0.29901016   0.29377776   0.07897185
0.114331916   0.19358382   -0.019068407   -0.3073202   0.3426278   -0.19429256   0.20478567   -0.10383779   0.11496494   -0.29938412   0.29323193   0.078775436
0.11428508   0.19364828   -0.019105718   -0.3075786   0.3423927   -0.19444335   0.20468056   -0.103795655   0.1149974   -0.2997535   0.29269117   0.07858078
0.11423755   0.19371203   -0.019141251   -0.30783167   0.34215426   -0.19459334   0.20457545   -0.10375319   0.115030564   -0.30011964   0.2921546   0.07838735
