0.10692717   0.0013868378   -0.00039904087   -0.1922463   0.14838243   -0.00074545195   0.101057015   -0.001760607   -0.00554639   -0.19082539   0.15142772   0.0010388201
0.09478963   0.0018340365   0.00039484788   -0.1730675   0.14001888   -0.0021241757   0.08898829   -0.0013604335   -0.0041585923   -0.17250109   0.14468911   0.0018262176
0.12081634   0.0031135445   0.002564978   -0.21271385   0.15592372   -0.0059843957   0.11354794   -0.00029869523   0.001161267   -0.21063161   0.1607074   0.0031073792
0.13616323   0.0028898392   0.0016101411   -0.25420445   0.17655423   -0.008499022   0.13096443   -0.0025059714   0.021066735   -0.25159985   0.17930624   0.005909509
0.14313813   0.0026968617   -0.001959055   -0.28678   0.19543359   -0.008714941   0.13460872   -0.006525784   0.04293642   -0.27102202   0.18852864   0.01003127
0.14823821   0.0034969957   -0.0053907293   -0.3110921   0.2099867   -0.009114975   0.13607527   -0.009778362   0.06435932   -0.2818908   0.19295755   0.013875763
0.15123442   0.005217804   -0.0072442163   -0.3271593   0.21954495   -0.010860547   0.13864653   -0.011664165   0.08216245   -0.29265782   0.19721065   0.016295489
0.15198536   0.008342024   -0.007245848   -0.3363013   0.2251189   -0.013797233   0.14388175   -0.011302217   0.09375958   -0.30839235   0.2043771   0.016196419
0.15087926   0.011699577   -0.006367319   -0.33823562   0.2265667   -0.017100148   0.15051591   -0.009370424   0.09745788   -0.3250135   0.21247944   0.014025431
0.149541   0.015096275   -0.0057014157   -0.3373189   0.2262659   -0.020672204   0.15895039   -0.006981594   0.09811244   -0.3428223   0.22098993   0.010961573
0.14804299   0.018449005   -0.0057415585   -0.33593234   0.2256408   -0.024246296   0.16615906   -0.0045039733   0.09826893   -0.35778874   0.2281374   0.007786435
0.14762269   0.022720736   -0.009198697   -0.33605927   0.22506972   -0.029214913   0.16957405   -0.0016212498   0.09944371   -0.3668303   0.23298979   0.0046351505
0.14806166   0.027402926   -0.014544721   -0.3375927   0.22458826   -0.036199074   0.1695696   0.0012187174   0.101957485   -0.3709881   0.23603748   0.0017352061
0.14864038   0.03230275   -0.020928062   -0.33957383   0.22411671   -0.044188567   0.16721669   0.0041486807   0.104833   -0.37151584   0.23761159   -0.0010719497
0.14996089   0.03772147   -0.028329246   -0.3424715   0.2238525   -0.051517762   0.16379333   0.0075672013   0.10749548   -0.36959282   0.2380096   -0.0039244816
0.15151346   0.044022918   -0.035114463   -0.34567675   0.22387145   -0.057180718   0.16037731   0.011606097   0.109348804   -0.36670816   0.2377719   -0.0068625254
0.15341008   0.051255915   -0.041343566   -0.34905916   0.22408277   -0.061114702   0.15753728   0.016179625   0.11045208   -0.36365506   0.23721795   -0.009834176
0.1554314   0.05896314   -0.046632957   -0.35236973   0.22451718   -0.063558266   0.15570042   0.020932924   0.11080701   -0.3613014   0.23675925   -0.012696157
0.15729508   0.06585247   -0.049863327   -0.35572022   0.22536302   -0.06594452   0.15481028   0.025229331   0.110351086   -0.3599136   0.23654324   -0.01522549
0.15875638   0.06782716   -0.051291835   -0.359382   0.22745037   -0.067741886   0.15428096   0.027128825   0.108808115   -0.3586854   0.23615123   -0.016976716
0.1600537   0.06949557   -0.052735407   -0.36309195   0.22975782   -0.069449484   0.15334326   0.028757898   0.107242666   -0.35703358   0.23568183   -0.01837062
0.16052823   0.07101625   -0.05388183   -0.3655603   0.23160817   -0.07084905   0.15248728   0.030236954   0.10602614   -0.35609138   0.23568852   -0.019565683
0.16064385   0.07222692   -0.0550478   -0.36740878   0.2332606   -0.07208404   0.15200143   0.031375203   0.10484526   -0.3558907   0.23609807   -0.020597197
0.16043897   0.07321561   -0.056357384   -0.3687426   0.23470229   -0.07337774   0.15175265   0.03224377   0.1036479   -0.35619822   0.23675603   -0.02146236
0.16002588   0.07387189   -0.05759577   -0.36972725   0.23601891   -0.074859485   0.15152408   0.032772567   0.102495074   -0.35659358   0.23746638   -0.022120971
0.1595709   0.07421996   -0.058766335   -0.37052307   0.23724419   -0.07658691   0.15122354   0.032988153   0.10140304   -0.35678288   0.23806925   -0.022568064
0.15914778   0.074308366   -0.059808604   -0.37118715   0.23838153   -0.07841636   0.1508123   0.032953896   0.100418985   -0.3566568   0.23850891   -0.022818629
0.15879683   0.07420806   -0.06073268   -0.37178028   0.23944934   -0.08015294   0.15030314   0.032750543   0.09953142   -0.35621938   0.23877965   -0.022907158
0.15850379   0.073989645   -0.06159783   -0.3723571   0.24048491   -0.081584655   0.14970535   0.0324558   0.09868679   -0.35552835   0.2389061   -0.022868043
0.158252   0.07371072   -0.062420547   -0.37292132   0.24149689   -0.08256107   0.14907303   0.03212747   0.097882226   -0.35471892   0.23895805   -0.022726439
0.15800285   0.073410824   -0.06320446   -0.37345007   0.24248454   -0.08298727   0.1484175   0.03180911   0.09711608   -0.3538609   0.2389834   -0.02250633
0.1577463   0.07311673   -0.06395924   -0.37397322   0.243473   -0.08284124   0.14773418   0.031526886   0.09637845   -0.35298684   0.23900424   -0.022223348
0.15748739   0.07283836   -0.064665325   -0.3744855   0.24446179   -0.08215958   0.14706694   0.03128494   0.09568878   -0.3521789   0.23907119   -0.021886325
0.15720901   0.07257437   -0.06532456   -0.37498516   0.24545783   -0.081031986   0.14639199   0.031078748   0.09504822   -0.3514245   0.2391895   -0.02150439
0.15693437   0.07231577   -0.0659102   -0.37546697   0.24645352   -0.07957039   0.14578287   0.030887512   0.09448384   -0.35083106   0.23941018   -0.021081263
0.15664378   0.07204958   -0.06641789   -0.37590635   0.2474411   -0.077906325   0.14522025   0.030693235   0.09400099   -0.3503783   0.23973277   -0.020623205
0.15636893   0.071761504   -0.06682416   -0.37630895   0.24841438   -0.07616588   0.14475119   0.030471787   0.09362343   -0.35011798   0.24018009   -0.020129865
0.15607323   0.07143562   -0.06715559   -0.3766489   0.24936895   -0.07446854   0.14433822   0.030204244   0.09332582   -0.35000056   0.24073043   -0.019610332
0.15578532   0.07106414   -0.06740535   -0.37696764   0.25031778   -0.07291031   0.14400116   0.029874565   0.09311373   -0.3500545   0.24139275   -0.01906683
0.1554792   0.07063191   -0.06756992   -0.37725008   0.25129902   -0.071753845   0.14369889   0.029455429   0.09299314   -0.35023454   0.24215169   -0.018494023
0.15520518   0.07002272   -0.06762522   -0.37746343   0.252108   -0.07134088   0.1434767   0.028815057   0.09298004   -0.35051674   0.24291444   -0.01791615
0.15482038   0.06934987   -0.06755833   -0.3775318   0.25294027   -0.07099072   0.14328557   0.028093504   0.09306994   -0.35098922   0.24387223   -0.017272675
0.15441829   0.06876533   -0.06737759   -0.3774881   0.25372565   -0.07060137   0.14313644   0.027459186   0.09324325   -0.35152364   0.24488439   -0.01667039
0.15407139   0.0682403   -0.06716279   -0.3775102   0.2545307   -0.07015769   0.14295673   0.026887953   0.093430944   -0.35197878   0.24586932   -0.016105162
0.15374787   0.06777056   -0.06691579   -0.37758344   0.2553648   -0.069706246   0.14272904   0.026369179   0.093615   -0.3523471   0.24682203   -0.015566251
0.15344346   0.06731217   -0.06671571   -0.37766075   0.25619107   -0.069308296   0.14246455   0.025881642   0.09382994   -0.35265696   0.24775837   -0.015051323
0.15312642   0.06685878   -0.06651553   -0.37770203   0.25698328   -0.06896723   0.14218447   0.025406767   0.09407711   -0.3529591   0.24870239   -0.01456058
0.15277301   0.06645333   -0.066313945   -0.37768245   0.25775203   -0.06865464   0.14190757   0.024981884   0.09432758   -0.35327682   0.24965996   -0.014109088
0.15240602   0.06609113   -0.06612236   -0.37763947   0.25850907   -0.06838203   0.14164077   0.024600213   0.09456845   -0.35360813   0.25062665   -0.013698826
0.15202518   0.06577259   -0.06594176   -0.377582   0.25925976   -0.06815407   0.14137165   0.024262356   0.09479834   -0.35393876   0.25159857   -0.013329717
0.15163165   0.06550434   -0.06576719   -0.37751007   0.26000667   -0.06796987   0.14109707   0.02397541   0.09502216   -0.354265   0.25257695   -0.013004375
0.1512306   0.065288424   -0.06559833   -0.37743074   0.26075354   -0.06783234   0.14081591   0.023741353   0.095239945   -0.3545827   0.25356132   -0.012724847
0.15082504   0.06512588   -0.06543699   -0.37735024   0.26150444   -0.06774368   0.14052883   0.023560898   0.09544979   -0.35489234   0.25455293   -0.012492153
0.15041497   0.065017335   -0.06528372   -0.37726995   0.2622614   -0.0677043   0.14023662   0.023434488   0.09565121   -0.3551964   0.25555405   -0.012306578
0.15000047   0.06496215   -0.065138355   -0.37718982   0.26302502   -0.06771369   0.13994034   0.023361413   0.0958445   -0.35549688   0.25656632   -0.012167523
0.14958218   0.06495858   -0.06500065   -0.37710905   0.263795   -0.06777042   0.13964102   0.02333995   0.096029945   -0.35579407   0.2575898   -0.012073492
0.14916115   0.065004   -0.06487097   -0.37702718   0.26457083   -0.067872114   0.13933904   0.023367593   0.09620725   -0.35608596   0.25862268   -0.012022203
0.1487384   0.06509501   -0.0647503   -0.37694412   0.26535198   -0.06801557   0.13903409   0.023441153   0.09637542   -0.35636908   0.259662   -0.012010711
0.1483147   0.06522762   -0.06464022   -0.37686017   0.26613814   -0.06819699   0.13872515   0.023556858   0.09653287   -0.356639   0.26070398   -0.012035559
0.14789034   0.06539743   -0.06454258   -0.37677574   0.2669291   -0.06841217   0.1384108   0.023710549   0.09667772   -0.35689127   0.26174468   -0.012092963
0.14746505   0.06560003   -0.064458966   -0.37669107   0.2677248   -0.06865693   0.13808955   0.023897838   0.096807785   -0.35712194   0.26278037   -0.0121790115
0.14703824   0.06583087   -0.06439124   -0.3766064   0.26852533   -0.068927065   0.13776013   0.024114255   0.096920915   -0.35732794   0.26380783   -0.012289799
0.14660724   0.06608889   -0.06433081   -0.37652224   0.26933333   -0.06922099   0.13742235   0.024355639   0.097012684   -0.35750812   0.26482466   -0.012421744
0.1461679   0.066375636   -0.06426558   -0.37643918   0.27015346   -0.06954067   0.13707873   0.024618138   0.09707369   -0.35766318   0.26582822   -0.012571758
0.14572221   0.0666876   -0.06419707   -0.37636027   0.2709873   -0.06988248   0.13673113   0.024897989   0.09710184   -0.357794   0.2668175   -0.012736996
0.14526848   0.067020796   -0.064125694   -0.37628368   0.2718345   -0.070242696   0.13637978   0.025191348   0.09709788   -0.35790282   0.2677932   -0.012913271
0.13659993   0.06784978   -0.057751868   -0.375695   0.27360117   -0.07014145   0.118383534   0.024466723   0.09148876   -0.3359087   0.25938144   -0.014229012
0.10902594   0.07319315   -0.03597472   -0.36196515   0.2735863   -0.07287674   0.07718935   0.022810755   0.07543512   -0.2840302   0.23719627   -0.012098952
0.08238931   0.09257288   -0.015267481   -0.3257309   0.26774773   -0.08400003   0.043554395   0.030828947   0.06431692   -0.2332115   0.21418595   -0.0088915005
0.07136588   0.09492913   -0.009543367   -0.31336033   0.26347855   -0.08288542   -0.013539821   0.034020208   0.06747969   -0.14097017   0.17654282   0.03308748
0.062375322   0.09741357   -0.0038042709   -0.30804533   0.26287985   -0.08327769   -0.09419735   0.034899995   0.07314589   -0.005977243   0.12422542   0.11592443
0.053231835   0.0957436   -0.0027243446   -0.30045438   0.26152316   -0.083570994   -0.17653869   0.02718841   0.08732491   0.14984122   0.08640234   0.16283521
0.045595065   0.093160845   -0.0035512743   -0.28886285   0.2573903   -0.085018225   -0.24674378   0.015635569   0.10956502   0.3053576   0.050004512   0.1693025
0.029409304   0.09250677   -0.00057758257   -0.26448622   0.24744685   -0.088285804   -0.31877053   0.0071096444   0.13808505   0.46940205   0.0032620728   0.15715675
0.013260499   0.09580071   0.0011420004   -0.23589987   0.23470676   -0.09407058   -0.37186754   -0.00035560312   0.16064711   0.60538995   -0.047713727   0.14318602
-0.0074521005   0.103435665   0.0013759254   -0.20040293   0.2189069   -0.10216768   -0.40945578   -0.0075633884   0.17546117   0.70608556   -0.10113338   0.13180932
-0.02914162   0.11322894   0.000811934   -0.16474602   0.20286134   -0.11144066   -0.43519074   -0.01838994   0.18055488   0.7737223   -0.15207234   0.12816796
-0.050133213   0.12407257   -0.00015996053   -0.13028821   0.187276   -0.12161411   -0.44979846   -0.032522902   0.17846964   0.8088739   -0.19559535   0.13114934
-0.07535179   0.13432759   -0.0029383358   -0.08966008   0.16952465   -0.12792018   -0.45582128   -0.05043248   0.17024398   0.81503105   -0.22969466   0.1370048
-0.09931074   0.14388096   -0.005037454   -0.046973437   0.15005812   -0.1297908   -0.45114195   -0.06984805   0.1593756   0.7929139   -0.2526974   0.13990556
-0.12566249   0.15255913   -0.008770108   0.0026479363   0.12720314   -0.12255498   -0.43386513   -0.08972479   0.14636202   0.73968625   -0.26276666   0.13703753
-0.15126042   0.16098966   -0.012914815   0.05575365   0.10186739   -0.10833779   -0.40058517   -0.108106524   0.13501462   0.6514065   -0.26028794   0.12822196
-0.17820077   0.16992901   -0.01883756   0.113571614   0.073981196   -0.08940765   -0.35095876   -0.12302306   0.12788956   0.52785325   -0.24178088   0.114603676
-0.20534049   0.1801096   -0.024674734   0.17041954   0.046520412   -0.07759089   -0.29921174   -0.1329324   0.12859924   0.39701793   -0.17659158   0.13621406
-0.23109658   0.1947481   -0.033191256   0.22740212   0.018843666   -0.04525197   -0.2824095   -0.122693144   0.122680366   0.36319396   -0.079066396   0.118307345
-0.22889967   0.21047138   -0.050498687   0.25467554   0.0024642795   0.04524702   -0.25173104   -0.100239724   0.10284934   0.3549132   -0.08160788   0.0987356
-0.2157043   0.22298701   -0.06351225   0.23065916   0.015046209   0.084292434   -0.22577672   -0.08032126   0.089561604   0.32931146   -0.07405716   0.07922856
-0.19086768   0.23301472   -0.07664976   0.18513891   0.033938542   0.089932345   -0.20323448   -0.06166693   0.08143393   0.30056176   -0.06345269   0.061498385
-0.15460615   0.23920771   -0.09110896   0.1336377   0.04846959   0.09210364   -0.17626794   -0.04629827   0.07396949   0.2682931   -0.05232936   0.04563871
-0.11747624   0.24254589   -0.105550855   0.07756412   0.064906284   0.09487013   -0.14906292   -0.035343472   0.06581163   0.23407403   -0.04088369   0.031565823
-0.08635254   0.24376734   -0.11072708   0.029436767   0.06994206   0.08088556   -0.12143241   -0.028709833   0.05624588   0.19692174   -0.028673083   0.019749014
-0.062720165   0.23999235   -0.10600481   -0.0049001873   0.0580305   0.04543528   -0.0889184   -0.026128557   0.043994002   0.15228471   -0.014325231   0.010086553
-0.057009265   0.22838223   -0.09554825   -0.00815922   0.03217636   -0.007750258   -0.05591111   -0.026192097   0.030613983   0.10253587   0.0025304556   0.0023646958
-0.07899718   0.20903808   -0.08787954   0.047739923   0.0056109875   -0.09630893   -0.025319442   -0.02721855   0.01878439   0.050093114   0.021955445   -0.003970777
-0.12821479   0.18604574   -0.085352264   0.17205784   -0.020476729   -0.16157866   0.0008009374   -0.02752677   0.01150018   -0.000469774   0.042465374   -0.008577095
-0.18708082   0.16256471   -0.08730199   0.32441851   -0.054799765   -0.17510253   0.017354146   -0.027860422   0.009651625   -0.038491875   0.058943406   -0.011460348
-0.2526858   0.14182487   -0.09039809   0.48362955   -0.10265803   -0.15220709   0.021006733   -0.028723633   0.007015784   -0.057439953   0.06741777   -0.013086508
-0.31320924   0.126796   -0.08882258   0.6283567   -0.15388593   -0.1243963   0.015587777   -0.030152487   0.0048571355   -0.058807522   0.06761122   -0.013355036
-0.35668814   0.11776371   -0.082733035   0.7349919   -0.20048928   -0.11042513   0.0075639337   -0.03272632   0.0043548075   -0.05034396   0.06225674   -0.012455221
-0.39096743   0.115903184   -0.07585319   0.81226635   -0.24046889   -0.11627504   -0.0014512092   -0.03465634   0.0037857238   -0.038669676   0.054821253   -0.0111278035
-0.41727334   0.11986659   -0.07053082   0.8649781   -0.27391648   -0.1272924   -0.008592114   -0.035417885   0.0033334633   -0.028023392   0.047201633   -0.009528395
-0.43703455   0.12645543   -0.06808362   0.89555943   -0.30027115   -0.13866456   -0.015269011   -0.036049206   0.0034239776   -0.016436785   0.038740337   -0.0072952304
-0.4505949   0.13410948   -0.068389565   0.90356874   -0.3201614   -0.15038535   -0.022613838   -0.03728824   0.0039307135   -0.00213629   0.02870217   -0.0041849553
-0.45786202   0.14234692   -0.070281565   0.888888   -0.33281004   -0.1629502   -0.030625135   -0.03942189   0.004551602   0.015002221   0.016934842   -0.00011997899
-0.4582414   0.15029864   -0.07253339   0.85206234   -0.33822942   -0.17557558   -0.03848076   -0.042559635   0.0049686832   0.034044683   0.00370422   0.0049770097
-0.44996136   0.15625294   -0.07418518   0.7912543   -0.3356672   -0.18837984   -0.045805857   -0.047177102   0.005117859   0.054611802   -0.010949373   0.011246065
-0.4338768   0.15949579   -0.07500369   0.71183383   -0.32516116   -0.2021851   -0.0525219   -0.05296497   0.005027023   0.076728344   -0.027059853   0.01872842
-0.40669072   0.15875456   -0.074451916   0.61293304   -0.30271667   -0.21671765   -0.05775024   -0.06034675   0.005372008   0.100711435   -0.04507053   0.02762698
-0.36865115   0.15429121   -0.07213926   0.49829623   -0.26856118   -0.23197962   -0.061587587   -0.0690369   0.0062290803   0.12711754   -0.06527719   0.03779363
-0.32252866   0.14668414   -0.06710526   0.37701735   -0.22535032   -0.24281244   -0.062607095   -0.078451455   0.0068182624   0.15429482   -0.08717543   0.04896647
-0.2761196   0.13747242   -0.057153672   0.27958652   -0.12963456   -0.17735842   -0.05813749   -0.08736893   0.0062802993   0.17843392   -0.10927254   0.06100045
-0.22969215   0.12544702   -0.057248354   0.22326872   -0.0255166   -0.15509869   -0.045765325   -0.095898695   0.012501728   0.19301721   -0.12725681   0.07457005
-0.20077683   0.11287241   -0.054755062   0.20237902   0.01985617   -0.13812245   -0.02933009   -0.107215926   0.017275443   0.19648942   -0.13955602   0.08829219
-0.18800874   0.09659817   -0.044662774   0.2123045   0.0052772164   -0.12119953   -0.0012437105   -0.1254842   0.021223715   0.17253843   -0.1379633   0.10196815
-0.17774428   0.08333526   -0.038306195   0.2099134   -0.0022435486   -0.10635014   0.025817737   -0.13968286   0.024035702   0.13599452   -0.12865236   0.11325095
-0.16682224   0.07538435   -0.030550124   0.19978717   -0.0054145753   -0.09308684   0.045772746   -0.14725403   0.036878597   0.10169551   -0.11933121   0.10253777
-0.1512732   0.07163165   -0.022864116   0.17918673   -0.0033474565   -0.08161035   0.0514798   -0.14755286   0.061105117   0.08960053   -0.117420435   0.052231416
-0.13077672   0.07153006   -0.01346236   0.14776334   0.004185125   -0.071822636   0.033577368   -0.14425883   0.08911152   0.11267164   -0.09628427   0.034032576
-0.10446297   0.07378077   -0.0040394017   0.10670403   0.016398296   -0.06400934   -0.009144008   -0.13427319   0.12314993   0.17973056   -0.06399584   0.025348512
-0.07667054   0.07489908   0.001161635   0.06073147   0.03195089   -0.058106303   -0.06781264   -0.11802238   0.15548804   0.28415987   -0.04369685   0.04502406
-0.050204083   0.074877225   0.0033021653   0.015286773   0.047888905   -0.05293971   -0.12729783   -0.10117189   0.17630571   0.39419726   -0.0638459   0.09645152
-0.03102392   0.07570389   0.008652145   -0.020715594   0.059840232   -0.04827561   -0.1948223   -0.08556781   0.1898024   0.5097575   -0.10237232   0.13928896
-0.01615867   0.0771831   0.015343191   -0.045814723   0.0662632   -0.044832036   -0.26025605   -0.07208431   0.19615899   0.61986864   -0.14472926   0.15190019
-0.0049271435   0.07951428   0.020006929   -0.061203837   0.06783669   -0.043055892   -0.31529927   -0.061111573   0.19531961   0.71010005   -0.18351921   0.14893001
0.0031846613   0.082101166   0.023427956   -0.0713453   0.066920966   -0.042583745   -0.3622331   -0.053383563   0.18897441   0.7798444   -0.2182872   0.14090484
0.008757293   0.08470545   0.024992509   -0.07718858   0.06404814   -0.043165985   -0.39916426   -0.049127627   0.17842656   0.82643545   -0.24471617   0.13981192
0.009576291   0.08757386   0.025821269   -0.07520348   0.057722047   -0.04473323   -0.42885482   -0.047112685   0.16630326   0.8534851   -0.26443058   0.14184594
0.0054300725   0.090318255   0.026353594   -0.06453386   0.047432885   -0.047131512   -0.4535929   -0.04827565   0.15192693   0.86443007   -0.2762264   0.14781983
-0.00016099215   0.09320743   0.026748301   -0.048098326   0.033863917   -0.050361216   -0.4700389   -0.050863955   0.13733184   0.85664856   -0.28140008   0.14992008
-0.0075441897   0.096420154   0.0260583   -0.026075661   0.017258614   -0.054456454   -0.4780156   -0.05417688   0.12252736   0.83074903   -0.28072894   0.14979035
-0.014733717   0.10004009   0.025106039   -0.0009621084   -0.0016130209   -0.05942708   -0.47705734   -0.057071947   0.10832214   0.7877618   -0.27491605   0.14700103
-0.022731006   0.10483627   0.02170879   0.028733432   -0.023189932   -0.06545574   -0.462375   -0.059072476   0.09304923   0.72016716   -0.2603606   0.141437
-0.03194186   0.111085474   0.01768788   0.06329402   -0.047717184   -0.07263966   -0.43521416   -0.058432043   0.079871744   0.628085   -0.2402651   0.13322027
-0.04191734   0.11799155   0.011785831   0.10179308   -0.074720055   -0.080612384   -0.39676982   -0.05602328   0.067469314   0.5172856   -0.21187454   0.12403289
-0.051592514   0.12548609   0.004562417   0.14280286   -0.10377157   -0.08993488   -0.34909725   -0.049652293   0.059891276   0.39367482   -0.17569736   0.10735564
-0.059279725   0.13222162   -0.0038838403   0.18358067   -0.13337165   -0.100113064   -0.30175203   -0.041058023   0.057698593   0.29333434   -0.061544925   0.08120025
-0.058300152   0.14319551   -0.008337452   0.215803   -0.16013116   -0.099905804   -0.2749918   -0.028515317   0.056984432   0.27174583   -0.0062853396   0.066593945
-0.05198641   0.16022234   -0.015198454   0.23758242   -0.1811448   -0.055160966   -0.25498426   -0.010850336   0.04526688   0.2722254   -0.018674284   0.0519661
-0.035137445   0.17198284   -0.01812331   0.22727028   -0.17728916   -0.052675188   -0.23474123   -0.000263986   0.0366505   0.26147935   -0.025621206   0.03904003
-0.017220736   0.17738   -0.025659917   0.20398644   -0.15444013   -0.07929384   -0.21623005   0.0028567258   0.028289197   0.24836245   -0.03067556   0.028942212
-0.0045094937   0.17679842   -0.034226146   0.1932945   -0.11955285   -0.108858064   -0.19119148   0.00080619275   0.02203918   0.22839484   -0.032651693   0.021007035
-0.0099849105   0.17023253   -0.044885404   0.2170026   -0.07292372   -0.1359805   -0.15879567   -0.0052347397   0.018668063   0.19792715   -0.029545099   0.014852846
-0.039281964   0.1573152   -0.058345273   0.2800953   -0.029169083   -0.12531607   -0.12283994   -0.0131988935   0.018618787   0.15694228   -0.020339966   0.0103749335
-0.08892383   0.14446789   -0.068441555   0.3765113   -0.011253953   -0.08791379   -0.08760323   -0.018589498   0.021468962   0.1112127   -0.0072577   0.006845447
-0.15181713   0.13838643   -0.07407422   0.48891416   -0.055962592   -0.08863499   -0.057838187   -0.021742588   0.02174321   0.06873891   0.0052221715   0.0036962505
-0.2128293   0.13626759   -0.07307003   0.5910288   -0.11292526   -0.09408719   -0.033986524   -0.025024189   0.021297632   0.034827143   0.014283866   0.0009556245
-0.27060646   0.13512136   -0.06994624   0.68116236   -0.1645832   -0.106928855   -0.017246455   -0.028856495   0.0205764   0.011128604   0.019201905   -0.0009656777
-0.31731647   0.13571365   -0.06456295   0.7500105   -0.20789951   -0.118386716   -0.0046233535   -0.032210626   0.02206717   -0.0054317713   0.021055445   -0.0020566569
-0.36184293   0.13833569   -0.06109363   0.80951774   -0.2449964   -0.13181055   0.0031328648   -0.0340052   0.022757653   -0.016501456   0.020663455   -0.0028643077
-0.4028207   0.14293094   -0.05901919   0.8614887   -0.2745729   -0.13939427   0.009025484   -0.03405275   0.023423292   -0.024377763   0.018631846   -0.0033828209
-0.43430245   0.1462388   -0.05852714   0.8951452   -0.29675174   -0.14454998   0.013133168   -0.0344461   0.025139082   -0.026776016   0.013699368   -0.0029911676
-0.45986736   0.14872538   -0.06028996   0.91188014   -0.31401336   -0.1528614   0.0140379965   -0.035247575   0.026539238   -0.022893637   0.005594656   -0.00162954
-0.48025078   0.1521303   -0.062602505   0.9131613   -0.3263681   -0.1610776   0.013228923   -0.03617633   0.027660277   -0.014902383   -0.0048244298   0.00054382684
-0.49463284   0.15555936   -0.06506541   0.8979292   -0.33422697   -0.16827486   0.011238605   -0.037875015   0.028626816   -0.0031554103   -0.017519385   0.00364397
-0.50057167   0.15802555   -0.066777624   0.8629072   -0.33554494   -0.1774182   0.008452758   -0.04083906   0.029892972   0.012402743   -0.032592595   0.007860049
-0.49646008   0.15827014   -0.06691914   0.8038391   -0.3309449   -0.18777323   0.0051903576   -0.045584656   0.031048413   0.031042159   -0.04986009   0.013408259
-0.4827606   0.15638728   -0.064564794   0.72384715   -0.317357   -0.20175152   0.0020644367   -0.05168467   0.032021426   0.05199772   -0.069042355   0.020237412
-0.46494913   0.15256959   -0.060431894   0.6370288   -0.2968899   -0.21390966   -0.0005258769   -0.058182653   0.03199866   0.07467857   -0.09001881   0.02823907
-0.43282187   0.14573707   -0.051954813   0.5308492   -0.2582103   -0.23073074   -0.0004529953   -0.06611446   0.033596225   0.099043906   -0.11321193   0.037482433
-0.3918755   0.13520212   -0.040866815   0.41227016   -0.21215093   -0.24000062   0.00024971366   -0.075068064   0.034994606   0.12638244   -0.13893124   0.047816556
-0.35067385   0.12457732   -0.028066492   0.32211795   -0.10846838   -0.15894878   0.0067153573   -0.08285437   0.03558746   0.1510137   -0.16524589   0.058774482
-0.2996843   0.11582226   -0.02352812   0.26479384   0.0013269037   -0.13712478   0.021920487   -0.09025582   0.043197498   0.16761306   -0.18841636   0.0707597
-0.27802044   0.1027833   -0.018159289   0.26186076   0.024134248   -0.12103031   0.038580865   -0.10367918   0.05103916   0.1744543   -0.20405716   0.08289851
-0.25135714   0.08424187   -0.0011540921   0.25815746   0.008958921   -0.10471775   0.062693685   -0.1261366   0.068649806   0.16220596   -0.1988948   0.098141186
-0.22924747   0.07424337   0.008674122   0.24265096   0.0023785383   -0.09245361   0.07911772   -0.13763553   0.08082929   0.14674643   -0.18091077   0.10909451
-0.20489047   0.07257717   0.017529951   0.21695963   0.0016316772   -0.083103396   0.094903976   -0.1401404   0.09951295   0.12207046   -0.15164581   0.1171093
-0.17501904   0.07727898   0.027878225   0.17942604   0.0067284256   -0.07614758   0.09264098   -0.13461448   0.12057717   0.12336257   -0.11036241   0.12259464
-0.1414121   0.088532545   0.037758965   0.13442132   0.016090423   -0.07147199   0.06630552   -0.11745445   0.14863662   0.16488704   -0.059378892   0.12566736
-0.1105362   0.10061175   0.042836126   0.08863732   0.02812533   -0.06909773   0.014029473   -0.09022004   0.1805993   0.25286922   -0.0017025769   0.12104524
-0.08339344   0.107057355   0.041671712   0.046371937   0.040180415   -0.067265294   -0.047039613   -0.063084625   0.20146354   0.36655268   0.011465788   0.10586349
-0.057508036   0.10910646   0.044516217   0.0053655803   0.051502764   -0.064253554   -0.113383934   -0.047481544   0.20878161   0.47982946   -0.033803612   0.12851562
-0.036168754   0.110093735   0.050936908   -0.029112518   0.060014606   -0.061033864   -0.18380027   -0.03918992   0.20955813   0.583735   -0.095834434   0.14949603
-0.019652247   0.11131641   0.05752083   -0.05381149   0.06404483   -0.058849953   -0.2526043   -0.03502581   0.20507348   0.6754942   -0.15349889   0.16088763
-0.005706638   0.11284244   0.06129264   -0.0711413   0.06449266   -0.057958066   -0.3115098   -0.0344331   0.19569619   0.7468314   -0.20138073   0.16237053
0.005144894   0.11434034   0.06310072   -0.08345917   0.06279363   -0.058170564   -0.36280555   -0.03669252   0.1839624   0.8002765   -0.238314   0.16025038
0.013397202   0.11645218   0.06330721   -0.09035277   0.05855511   -0.059539504   -0.40317935   -0.04005499   0.17224464   0.8313122   -0.26360863   0.16090068
0.017297596   0.119043425   0.06269927   -0.089081764   0.05059409   -0.06197944   -0.43527192   -0.044416726   0.16097595   0.8441708   -0.27891302   0.16488324
0.017476529   0.12165807   0.061681543   -0.08014706   0.038946167   -0.06534336   -0.46078163   -0.050291166   0.14928864   0.84243846   -0.28501463   0.16935647
0.01584056   0.12423548   0.060565583   -0.06577414   0.024302185   -0.06952113   -0.4797166   -0.057043444   0.13712029   0.82720387   -0.28472584   0.17144033
0.012963787   0.12726066   0.05851233   -0.04643494   0.006800726   -0.07461582   -0.49003208   -0.06326583   0.12486108   0.7967179   -0.2777502   0.17051455
0.009028658   0.13134207   0.05504578   -0.02220282   -0.013610005   -0.08073346   -0.488676   -0.06821353   0.11197792   0.7457267   -0.263227   0.16617225
0.003946632   0.13674913   0.050435077   0.00693056   -0.03697124   -0.08801685   -0.4744841   -0.07151317   0.09824966   0.6717036   -0.24267238   0.16021381
-0.0023528934   0.14347546   0.04445191   0.04134828   -0.06346905   -0.09612592   -0.4464591   -0.07284874   0.084105976   0.5740708   -0.21587732   0.15220465
-0.00930348   0.15050487   0.03766844   0.08004135   -0.09267688   -0.104708314   -0.4090569   -0.0716842   0.0723227   0.4638414   -0.18259335   0.13990915
-0.015303865   0.15761977   0.029208608   0.121177584   -0.12404406   -0.114488505   -0.36146593   -0.067345135   0.06457512   0.34325334   -0.14074773   0.1194043
-0.018151611   0.1645792   0.017853854   0.16147605   -0.15618211   -0.123966284   -0.31289178   -0.061144024   0.061856803   0.26603785   0.006932229   0.10037849
-0.020540506   0.1808561   0.012206376   0.20174745   -0.1885558   -0.08411659   -0.29726517   -0.04480452   0.05352542   0.2729734   0.0068246424   0.08508807
-0.018518895   0.19830592   -7.560042e-05   0.23587176   -0.2064242   -0.0007016811   -0.25633633   -0.026246516   0.035346404   0.24688151   0.0012864172   0.06935384
-0.014748678   0.20755112   -0.011631961   0.24128243   -0.1758528   -0.029662082   -0.22995   -0.019517899   0.026063275   0.22640744   -0.0036520064   0.057700515
-0.00078737736   0.206367   -0.029903818   0.22422156   -0.13763943   -0.07264355   -0.2112021   -0.02042316   0.022751616   0.21357188   -0.009690255   0.049752977
0.00614354   0.20004313   -0.049853813   0.22431335   -0.08958849   -0.11731808   -0.18688695   -0.025193002   0.02175327   0.1962671   -0.013552964   0.043477535
-0.007525608   0.18694873   -0.07362861   0.26231   -0.037518203   -0.14102852   -0.15512384   -0.03356366   0.021166122   0.16932091   -0.013336897   0.038511116
-0.047545075   0.16996565   -0.09470256   0.34248593   0.0013507456   -0.10525115   -0.119969055   -0.042029355   0.019396944   0.13204703   -0.0077260733   0.034469426
-0.09655313   0.15951167   -0.103183135   0.4343969   -0.0085734725   -0.094560765   -0.08604677   -0.0459123   0.020802496   0.091833025   0.0007211119   0.03087992
-0.15131648   0.15532407   -0.10301298   0.5201899   -0.06438407   -0.096301675   -0.057056352   -0.049144458   0.020185696   0.054697305   0.008567795   0.027312651
-0.20318206   0.15307602   -0.09843579   0.5941118   -0.121127725   -0.11111458   -0.03228046   -0.052877627   0.019664884   0.024398893   0.013796881   0.024522377
-0.2606427   0.15195368   -0.09258305   0.67150986   -0.17112559   -0.12956278   -0.014823452   -0.056514025   0.017904771   0.0027116835   0.015945226   0.022733636
-0.31627768   0.15236169   -0.08510111   0.7449577   -0.21239328   -0.13770413   -0.00123249   -0.058995783   0.017359683   -0.0139400065   0.016224027   0.021880466
-0.36405325   0.15209647   -0.07869581   0.8032272   -0.24603093   -0.14090225   0.009280056   -0.06108899   0.018458681   -0.02561915   0.0143380165   0.021891959
-0.40514034   0.15108512   -0.07529405   0.84705734   -0.27291566   -0.14591877   0.017067462   -0.06275024   0.019562785   -0.03220606   0.009934381   0.022661665
-0.4438458   0.15040414   -0.07452255   0.8824971   -0.293777   -0.15099366   0.02173081   -0.06382078   0.019688306   -0.033333212   0.002819553   0.02418146
-0.4768567   0.15018308   -0.07457042   0.90411794   -0.3092311   -0.1538062   0.024245143   -0.06520117   0.01994128   -0.029107511   -0.007147372   0.026649024
-0.50282097   0.15037347   -0.07538634   0.9072448   -0.3198576   -0.15690517   0.024246812   -0.067475595   0.02055921   -0.019138396   -0.020117521   0.030149134
-0.51996994   0.1513929   -0.07641515   0.88962233   -0.3254946   -0.16301595   0.023505852   -0.07068592   0.021355234   -0.005466163   -0.03546515   0.03468952
-0.52796257   0.1529563   -0.07673629   0.8519279   -0.32518226   -0.1726405   0.022970363   -0.074886724   0.022081528   0.010584623   -0.052708864   0.040283125
-0.52796394   0.15449035   -0.07576411   0.79790175   -0.3196873   -0.18445855   0.023133397   -0.07993458   0.02241192   0.028039753   -0.07150209   0.047042135
-0.51515555   0.15511711   -0.071175545   0.72098255   -0.30131918   -0.2025944   0.023662493   -0.086504884   0.023895832   0.048118174   -0.092392296   0.0551122
-0.49147874   0.15366697   -0.06363362   0.62396646   -0.2733606   -0.21857701   0.023320094   -0.09445204   0.025582809   0.072242856   -0.11599684   0.06467715
-0.46146798   0.15116799   -0.052405123   0.52071476   -0.23709098   -0.23079087   0.023854643   -0.102364466   0.026663568   0.09867209   -0.14189216   0.07516829
-0.4181856   0.14704263   -0.03637982   0.4040316   -0.17190999   -0.24016978   0.027731493   -0.11016715   0.029083768   0.12587777   -0.1694822   0.0859309
-0.37865508   0.14209543   -0.022477595   0.34041074   -0.05124858   -0.15245767   0.0354805   -0.116835594   0.031453334   0.15154621   -0.19743225   0.09749901
-0.33691102   0.13118766   -0.016758634   0.30286404   0.031825125   -0.13547115   0.051414788   -0.12823887   0.03757702   0.16769853   -0.21961981   0.109926604
-0.32421958   0.11335109   -0.004666339   0.32102677   0.008805186   -0.11948308   0.065963924   -0.14906606   0.052526545   0.17398998   -0.2185511   0.12668191
-0.29903007   0.09851556   0.004773543   0.30976495   -0.0018984079   -0.10596261   0.08401852   -0.16451219   0.06302595   0.16795364   -0.20057237   0.13953201
-0.26735067   0.091633454   0.015541899   0.28128532   -0.004344493   -0.09528948   0.09953569   -0.17098744   0.087455906   0.15260759   -0.1686523   0.14808837
-0.23011564   0.09176508   0.025747651   0.23937497   8.800626e-05   -0.08733123   0.106351845   -0.1685216   0.118526265   0.14486292   -0.12375036   0.15286478
-0.18871601   0.09906276   0.03490689   0.18718043   0.010209426   -0.08191289   0.097852536   -0.15539189   0.1536694   0.15846375   -0.067257166   0.15530886
-0.14895229   0.11200611   0.042540215   0.13187233   0.023682505   -0.07855631   0.06516905   -0.13043883   0.19046153   0.20797941   -0.0041846335   0.15372592
-0.11624001   0.12449809   0.04517037   0.0824205   0.036904797   -0.07724353   0.012616709   -0.096928805   0.21980527   0.29478332   0.040087715   0.1089942
-0.088759616   0.1312055   0.045377012   0.04081565   0.047518775   -0.07577893   -0.043844536   -0.07109459   0.23026173   0.390474   0.032709107   0.10945469
-0.088759616   0.1312055   0.045377012   0.04081565   0.047518775   -0.07577893   -0.043844536   -0.07109459   0.23026173   0.390474   0.032709107   0.10945469
-0.047634512   0.13416012   0.054431118   -0.023843884   0.061101124   -0.07102669   -0.17409815   -0.054410752   0.21413039   0.5684873   -0.09022853   0.1530273
-0.034043938   0.13385455   0.056692667   -0.038194418   0.059378117   -0.068494126   -0.22647686   -0.05729909   0.20035672   0.629809   -0.14960676   0.16602795
-0.020886779   0.13156945   0.061968993   -0.05420634   0.058360785   -0.06660905   -0.28585088   -0.061766353   0.1899618   0.6976615   -0.19535506   0.17113999
-0.00834471   0.12999658   0.06598987   -0.069675475   0.057378665   -0.066363536   -0.34280342   -0.06314988   0.1821387   0.75970817   -0.23053929   0.16742864
0.0019384772   0.13101077   0.06714246   -0.07875383   0.053434476   -0.06807934   -0.38834786   -0.060982373   0.17584   0.8005338   -0.255969   0.16398658
0.008575499   0.13317893   0.06716843   -0.08038834   0.046016574   -0.07123881   -0.42587405   -0.059655458   0.16854416   0.8220631   -0.27266395   0.16262682
0.0123913735   0.13559045   0.06686974   -0.07586923   0.035538137   -0.075425416   -0.45656705   -0.061102718   0.15880793   0.82590103   -0.2790879   0.1664077
0.013341114   0.13851608   0.06600934   -0.06454837   0.02160272   -0.08055681   -0.47954047   -0.06458658   0.1467855   0.8117845   -0.27734536   0.1705134
0.012556821   0.14211582   0.06441022   -0.047115594   0.004229769   -0.086599275   -0.49278992   -0.06913017   0.13303773   0.778854   -0.2680297   0.17224577
0.01092501   0.14650072   0.06178318   -0.024658233   -0.016239405   -0.09360768   -0.49472082   -0.07358051   0.1182484   0.72704923   -0.2522151   0.17032883
0.00837782   0.15218371   0.057414107   0.0029929876   -0.039847344   -0.10153553   -0.4819033   -0.07684926   0.10286961   0.6516645   -0.23006946   0.1642046
0.0042169094   0.15851048   0.05130306   0.03644237   -0.06662777   -0.10970446   -0.455741   -0.078628354   0.08907957   0.5569303   -0.2021772   0.15500367
-0.00024314225   0.16552733   0.043832436   0.07431197   -0.09650171   -0.11899218   -0.4164458   -0.077896684   0.078238286   0.44545433   -0.167725   0.13994376
-0.00575456   0.17256452   0.034435794   0.117243916   -0.12973559   -0.12851553   -0.3663308   -0.07464399   0.07220786   0.32287303   -0.0974921   0.11996572
-0.0076909065   0.17865022   0.024617612   0.16122165   -0.16504684   -0.12756275   -0.3183549   -0.070090294   0.07018461   0.26063767   0.03169243   0.10946671
-0.010803193   0.19435464   0.022614002   0.20583615   -0.19958574   -0.057497308   -0.310336   -0.0520484   0.06379311   0.28196958   0.009714887   0.09386848
-0.013869435   0.21181671   0.009474349   0.24436375   -0.19810224   -0.012635245   -0.27172178   -0.035523742   0.04700121   0.2577434   0.0035858005   0.07801681
-0.015609711   0.219322   -0.010741796   0.26065663   -0.15820229   -0.051197696   -0.244132   -0.029398592   0.038147345   0.2375721   -0.001616627   0.065881304
-0.0057052076   0.21617307   -0.03514294   0.2550625   -0.119069695   -0.07903992   -0.21924375   -0.029706236   0.03551701   0.218568   -0.005565524   0.057571296
-0.0031783879   0.20772614   -0.060846042   0.26371858   -0.06793219   -0.11432578   -0.18970363   -0.034587026   0.03408537   0.19495758   -0.0073761344   0.05088559
-0.021851987   0.19215235   -0.08808606   0.30839196   -0.017133027   -0.12009622   -0.1555684   -0.043258157   0.03226607   0.16415498   -0.005843729   0.045832396
-0.062207446   0.17623338   -0.10701899   0.3872889   0.006814584   -0.08872154   -0.12007888   -0.0503409   0.03001062   0.12618604   -0.0001282692   0.041592006
-0.110020265   0.16808172   -0.112518825   0.4675047   -0.026138008   -0.09105294   -0.086513564   -0.054032605   0.028725445   0.085684925   0.007974833   0.037575778
-0.1605901   0.16480014   -0.10839585   0.5386275   -0.08413684   -0.099996604   -0.057524934   -0.057284754   0.027573496   0.048559874   0.015605241   0.03377142
-0.21322943   0.16270301   -0.101846114   0.6080487   -0.13904124   -0.12011196   -0.033128276   -0.060703505   0.02595051   0.017806321   0.020961791   0.030753007
-0.2669739   0.16070437   -0.094840825   0.67777205   -0.18546134   -0.13695477   -0.0143069625   -0.06391537   0.024704123   -0.0052726865   0.023473382   0.02896297
-0.3219781   0.15923306   -0.08783572   0.7473594   -0.22339743   -0.14490849   -0.0010382235   -0.06626007   0.023813235   -0.021722317   0.023556456   0.028180933
-0.36948752   0.15725276   -0.08156232   0.8037889   -0.25414664   -0.14631698   0.009433046   -0.068207294   0.024317687   -0.032896012   0.021208122   0.028355135
-0.41372102   0.15492155   -0.0779881   0.85080004   -0.278373   -0.14845648   0.016043335   -0.06960434   0.024337081   -0.037980676   0.016047344   0.029314306
-0.44947898   0.1531349   -0.0752948   0.8828337   -0.2967053   -0.15089896   0.021625996   -0.07081331   0.025039986   -0.03869939   0.008408621   0.031161124
-0.48139173   0.15116623   -0.07537919   0.90254056   -0.31129646   -0.15422897   0.023789138   -0.072357096   0.024910945   -0.033136398   -0.002374053   0.033927344
-0.50776523   0.15066272   -0.076022215   0.907213   -0.3216288   -0.15678722   0.023840085   -0.07437781   0.024814436   -0.022726506   -0.015784591   0.037637535
-0.5255803   0.15101916   -0.07661285   0.8909297   -0.3264963   -0.16096589   0.022360295   -0.07763211   0.025056675   -0.00768736   -0.031867564   0.04241976
-0.53398913   0.15235019   -0.07659088   0.8540566   -0.3263644   -0.16811429   0.02127859   -0.08189813   0.025236117   0.009609103   -0.049829483   0.048323065
-0.5331059   0.15433307   -0.074959375   0.7992275   -0.3195027   -0.1814411   0.021276802   -0.086956695   0.025443308   0.028027982   -0.06922123   0.055335324
-0.5195922   0.15558775   -0.07028323   0.7217083   -0.30037117   -0.20085947   0.02165173   -0.093420476   0.026667055   0.048865885   -0.09057784   0.06358743
-0.49628526   0.15511248   -0.06309593   0.6267539   -0.27209228   -0.2171617   0.02142471   -0.10099705   0.027864637   0.073284686   -0.11448702   0.07330525
-0.4653964   0.15361382   -0.052019272   0.5235702   -0.233875   -0.23055032   0.022157788   -0.10870884   0.028817477   0.10002419   -0.14064434   0.08391482
-0.42236423   0.15066521   -0.035902705   0.40790185   -0.15852138   -0.22924116   0.02545841   -0.11624495   0.030954547   0.12809399   -0.16856602   0.09479277
-0.3749382   0.14569855   -0.020450419   0.3345947   -0.029900938   -0.15056361   0.03432603   -0.123815686   0.03415149   0.1541895   -0.19665003   0.106690004
-0.3467093   0.13261688   -0.016031653   0.31535223   0.02983427   -0.13431889   0.046121374   -0.13724831   0.03997512   0.17155012   -0.21802703   0.12048175
-0.3274945   0.11450092   0.00060216134   0.32596502   0.008220047   -0.11716891   0.061413124   -0.15929885   0.061864913   0.17525503   -0.21370125   0.13740005
-0.30061048   0.1012935   0.010977362   0.31255415   -0.0017319322   -0.10425162   0.0780433   -0.17265382   0.07963688   0.16968003   -0.19301292   0.14908367
-0.26878864   0.09555193   0.020090945   0.28372642   -0.0036941469   -0.094343856   0.09637695   -0.17721428   0.10440926   0.14997157   -0.15949258   0.156603
-0.23153673   0.09617477   0.029289108   0.24114332   0.0014147162   -0.08674297   0.105713226   -0.17403026   0.13266356   0.13810447   -0.113135904   0.16114949
-0.19088994   0.10382435   0.037792597   0.1892707   0.011777595   -0.08146646   0.09927587   -0.16054076   0.16515814   0.14786461   -0.056278944   0.16367774
-0.15192692   0.116794944   0.04465297   0.13491699   0.025110379   -0.07821902   0.07008125   -0.1355481   0.19969265   0.19231156   0.0032825172   0.15690066
-0.11910336   0.12958923   0.047389604   0.08623594   0.03796728   -0.076810144   0.022817716   -0.10305226   0.22631003   0.27112332   0.045942053   0.11148219
-0.09145187   0.13722245   0.052813075   0.042593747   0.04951991   -0.0754524   -0.043220386   -0.07700627   0.23601894   0.38097385   0.029984668   0.1123298
-0.06283189   0.13976282   0.060250893   -0.0033686757   0.061589733   -0.07269877   -0.11952828   -0.06213445   0.22951889   0.49463853   -0.03595954   0.13746394
-0.044314876   0.14023848   0.06474457   -0.03409323   0.06893784   -0.070298806   -0.18072544   -0.05588214   0.21992213   0.5750443   -0.09312719   0.15449722
-0.027395159   0.13976905   0.07109154   -0.06134513   0.0739426   -0.068143405   -0.25107968   -0.05283933   0.2088042   0.66205597   -0.14985004   0.16622612
-0.012466744   0.1392931   0.07470512   -0.0808489   0.07516374   -0.067159   -0.31076485   -0.051843975   0.19735827   0.7314652   -0.19537914   0.16872962
-0.0014315248   0.13986826   0.07658888   -0.09207344   0.07253277   -0.06757906   -0.36096275   -0.051036242   0.18733113   0.781124   -0.2307699   0.16588789
0.0067257583   0.14064184   0.07705614   -0.097458065   0.06717475   -0.06914229   -0.4023649   -0.052457914   0.17633934   0.81177115   -0.25591308   0.1652363
0.010743648   0.14181913   0.076947145   -0.09565607   0.058609486   -0.07176857   -0.4379757   -0.05555675   0.16448297   0.82707584   -0.27059692   0.16731851
0.011929378   0.14344028   0.076231375   -0.08715838   0.046719372   -0.07542591   -0.46611673   -0.05986538   0.15214658   0.82590437   -0.27587038   0.17174646
0.011251181   0.14554885   0.074732944   -0.0726161   0.031583697   -0.080062166   -0.48585218   -0.06455702   0.13995174   0.80925477   -0.27474517   0.17375536
0.008995533   0.14831646   0.072170295   -0.052508652   0.013332814   -0.085629664   -0.49618584   -0.06953807   0.126791   0.77610266   -0.26621222   0.17350289
0.006053135   0.15218002   0.06866963   -0.027693868   -0.00784713   -0.092268266   -0.49468768   -0.07364445   0.112829946   0.7230793   -0.25119162   0.17011625
0.0021926463   0.15729426   0.063831404   0.0021012127   -0.03204298   -0.09993869   -0.47980458   -0.07630297   0.098344214   0.6482296   -0.23009479   0.16369388
-0.0025338084   0.16297466   0.05803916   0.03662607   -0.05901149   -0.10791961   -0.4535097   -0.0773197   0.08513366   0.55662274   -0.20347989   0.15446301
-0.007234663   0.16925131   0.050527975   0.074980885   -0.088670254   -0.11673578   -0.4143176   -0.07598974   0.074331634   0.44828025   -0.16973615   0.13984877
-0.012380868   0.17528939   0.04228033   0.11657378   -0.120889336   -0.12738374   -0.36859655   -0.07232515   0.06834593   0.33532575   -0.13027737   0.11919444
-0.016557246   0.18042591   0.029076688   0.16158727   -0.15571126   -0.13029604   -0.31635118   -0.06815408   0.066793226   0.25709394   0.024199873   0.10861591
-0.021662086   0.19556239   0.02442234   0.20929524   -0.19172415   -0.06983863   -0.30258214   -0.051858615   0.05983201   0.26856366   0.016482383   0.09385093
-0.019435182   0.21296291   0.009807413   0.24335942   -0.20444301   0.013915231   -0.25744075   -0.033364654   0.040821303   0.2375268   0.012540057   0.07802364
-0.017790735   0.22154321   -0.0066334   0.25039956   -0.16877294   -0.019163918   -0.23116426   -0.026816992   0.032572713   0.2171928   0.008957386   0.065978244
-0.0031559765   0.21868561   -0.027351128   0.23301813   -0.13286474   -0.05407628   -0.21037118   -0.028528258   0.028953683   0.20191786   0.0022987574   0.058688685
0.0026384443   0.21202515   -0.05067519   0.23470417   -0.08541036   -0.09609049   -0.18503357   -0.033340868   0.026661852   0.18419293   -0.0017322898   0.052248277
-0.01008141   0.19946499   -0.07461018   0.27202752   -0.034129858   -0.11835422   -0.1529956   -0.040948074   0.026157873   0.15783235   -0.002012819   0.047133554
-0.047498196   0.18367779   -0.09656189   0.34743336   0.00069096684   -0.088264234   -0.11799909   -0.04835949   0.023750065   0.12135121   0.00302428   0.042783264
-0.094237015   0.17400995   -0.10601355   0.43243107   -0.01935795   -0.09146805   -0.08387284   -0.05193577   0.023035739   0.0807949   0.011226743   0.03881685
-0.14529039   0.16900532   -0.10557729   0.5108719   -0.07468784   -0.09928   -0.054436997   -0.055118974   0.02205331   0.043078333   0.01923798   0.035102025
-0.19840394   0.16514601   -0.10173962   0.58600223   -0.13039291   -0.11729413   -0.029877484   -0.05887557   0.02045504   0.012011945   0.024875402   0.032219592
-0.25440174   0.16224994   -0.09566546   0.6629633   -0.17813447   -0.13312343   -0.011706293   -0.062463194   0.019259522   -0.010930896   0.02766943   0.030617557
-0.30915332   0.1597597   -0.08905833   0.7351432   -0.21741602   -0.14099127   0.0011946261   -0.0655579   0.018907156   -0.027091473   0.027892694   0.03010411
-0.35671288   0.15730076   -0.08301836   0.7932247   -0.24945477   -0.14444435   0.010834798   -0.06818076   0.019795237   -0.037793905   0.025670394   0.030488633
-0.3998623   0.15495683   -0.07950465   0.84016633   -0.27505767   -0.14843927   0.017083913   -0.07016252   0.020262053   -0.042790055   0.020729333   0.031605408
-0.4360881   0.1533789   -0.07736032   0.87378573   -0.29472095   -0.15150544   0.021772727   -0.071759894   0.020916378   -0.043040782   0.013191953   0.033554062
-0.46968973   0.15215684   -0.07755053   0.8964001   -0.3101163   -0.15460028   0.02261053   -0.07349298   0.02076259   -0.03668934   0.0024557263   0.036390547
-0.49630094   0.15237074   -0.07788301   0.9017304   -0.32097542   -0.15648514   0.021922782   -0.07579524   0.020999374   -0.025794357   -0.010846525   0.040198952
-0.5143248   0.15332486   -0.07861701   0.8862816   -0.32649285   -0.16164516   0.02005294   -0.07917155   0.021528121   -0.010643601   -0.026688784   0.045075074
-0.5228416   0.15500084   -0.0788263   0.84965897   -0.32625145   -0.16997771   0.018394753   -0.08357462   0.022029784   0.0069790184   -0.044475675   0.05103388
-0.5207577   0.15681516   -0.07707907   0.79011536   -0.317995   -0.18494992   0.017091662   -0.08922211   0.02256578   0.026624858   -0.06403181   0.058210082
-0.50878066   0.1581173   -0.07273514   0.7111869   -0.30112904   -0.20014815   0.015968561   -0.095929585   0.023179393   0.048582643   -0.08550829   0.066676386
-0.48531932   0.15821125   -0.06485765   0.6141752   -0.27108485   -0.2197544   0.015577704   -0.10364251   0.024395399   0.07319057   -0.10920179   0.076288864
-0.45474756   0.15672457   -0.054183003   0.5098276   -0.23062381   -0.2339294   0.015893683   -0.111538544   0.025464717   0.10035786   -0.13525677   0.08702162
-0.41412497   0.15338272   -0.03871583   0.39762542   -0.15586197   -0.22686619   0.019459367   -0.11941436   0.026622707   0.12807038   -0.16302612   0.09847868
-0.36660045   0.1489531   -0.023518851   0.32786277   -0.02927646   -0.15482882   0.029342636   -0.12692422   0.030402591   0.15338865   -0.19054124   0.10992829
-0.33849502   0.13481767   -0.0199079   0.310658   0.026476324   -0.13709128   0.0423287   -0.14052878   0.036829248   0.1700677   -0.21320632   0.11946267
-0.31740594   0.11571522   -0.0030357765   0.31906942   0.006082192   -0.12044074   0.059608907   -0.16374306   0.058444258   0.17117128   -0.20722303   0.14078599
-0.29173732   0.102193415   0.007121928   0.30635646   -0.0037066042   -0.10736393   0.07683577   -0.17734681   0.077259086   0.16323116   -0.18754992   0.15246615
-0.26294154   0.0968383   0.015762491   0.28033337   -0.006217301   -0.09749289   0.09565473   -0.18179408   0.10172459   0.14064059   -0.15616176   0.15996835
-0.2272485   0.0975577   0.02542402   0.23990133   -0.0017735958   -0.089810476   0.10631399   -0.17920123   0.13067836   0.12557444   -0.112018645   0.16474889
-0.18833323   0.104768306   0.03387692   0.18998489   0.008115292   -0.08443246   0.100458406   -0.16676617   0.16188854   0.13414297   -0.057680994   0.16751249
-0.15156068   0.11694295   0.03924587   0.13811776   0.020813733   -0.081026286   0.07577732   -0.14355293   0.19424234   0.17189077   -0.0020515323   0.15932825
-0.11948334   0.13048719   0.04547595   0.089012295   0.033957466   -0.0793538   0.023671672   -0.110906966   0.22356959   0.25547192   0.038512886   0.11053242
-0.090155646   0.13757704   0.050588705   0.04343459   0.04639907   -0.07788043   -0.041002303   -0.08335201   0.23448049   0.36676583   0.029190972   0.108547606
-0.06373142   0.14010961   0.056520965   0.0014604628   0.057576865   -0.07548389   -0.10865493   -0.06676002   0.23081374   0.4720253   -0.024957329   0.13089503
-0.04352078   0.14047574   0.06383365   -0.03333062   0.06622863   -0.0727442   -0.1830522   -0.05772571   0.22159447   0.57394993   -0.08948338   0.15266263
-0.025215283   0.14023255   0.069109224   -0.060546994   0.07107982   -0.070749566   -0.24889131   -0.05251579   0.2112598   0.6584321   -0.14693996   0.16377065
-0.011409149   0.14003453   0.07356854   -0.07935423   0.072168246   -0.069854006   -0.31158227   -0.049997754   0.19999231   0.7325103   -0.19415641   0.16603784
0.001080364   0.14023973   0.075495705   -0.09279162   0.070550114   -0.07025731   -0.36180252   -0.049390383   0.1883588   0.78368497   -0.23013219   0.16525131
0.008775413   0.14123777   0.076333255   -0.098340034   0.06550945   -0.071935505   -0.4050799   -0.050048064   0.17706968   0.816792   -0.25590557   0.16443144
0.014407679   0.14263935   0.07605456   -0.09782618   0.05737242   -0.07472625   -0.43809998   -0.052448113   0.1657671   0.8299507   -0.27168584   0.16724786
0.015592977   0.1444421   0.07496191   -0.089144856   0.04547435   -0.07851028   -0.464998   -0.05665081   0.15384416   0.82843256   -0.2780974   0.17141132
0.015501708   0.14633624   0.07375181   -0.075632244   0.030797794   -0.08313651   -0.4843282   -0.06245194   0.14106153   0.8119612   -0.27770793   0.17359492
0.013494387   0.14901015   0.07133094   -0.056150377   0.012873888   -0.08873701   -0.49414837   -0.06827942   0.12771076   0.7786416   -0.26933914   0.17433386
0.011139408   0.15246   0.06854852   -0.032523572   -0.0077572465   -0.09534817   -0.49379677   -0.07296325   0.114873186   0.7287847   -0.25588423   0.1702457
0.0076394975   0.15708324   0.06346567   -0.003772825   -0.031317115   -0.10273505   -0.4790805   -0.0767697   0.10083808   0.6560285   -0.23453608   0.16375925
0.0032021701   0.16229157   0.05851681   0.029365242   -0.057783484   -0.11120635   -0.45470542   -0.078515776   0.08952915   0.5682179   -0.21034238   0.15395282
-0.0023154467   0.16840492   0.04964861   0.06859791   -0.08734864   -0.11903247   -0.41121823   -0.078821585   0.07857019   0.45264974   -0.17456973   0.1399304
-0.009580344   0.1749154   0.040246587   0.11287472   -0.12061754   -0.12931015   -0.35924184   -0.07595981   0.07423211   0.3256   -0.123969615   0.12901925
-0.014121428   0.18111147   0.029232532   0.15663108   -0.15458402   -0.13664685   -0.3137712   -0.07176768   0.07224706   0.25939026   0.024328575   0.11283042
-0.020006984   0.19667219   0.022695353   0.2045112   -0.19023493   -0.07171662   -0.3003071   -0.05577962   0.06214659   0.2739409   0.0070932508   0.09695377
-0.019708782   0.2131137   0.008921973   0.24322233   -0.20385769   0.021564499   -0.2524011   -0.037836425   0.042868182   0.23921874   0.0046048015   0.080791675
-0.020976692   0.22160685   -0.006301577   0.25418052   -0.1659421   -0.011452991   -0.2280177   -0.03123616   0.03448306   0.22012505   0.0036430657   0.06866955
-0.0064994246   0.21839447   -0.026822403   0.23775789   -0.12677473   -0.052958496   -0.20439656   -0.033419535   0.031384543   0.2000309   -0.0033299327   0.061329596
-0.0023296475   0.21136257   -0.05097435   0.24070159   -0.07675499   -0.10171731   -0.18195601   -0.03810901   0.030962277   0.18453857   -0.0075806677   0.05513705
-0.01575236   0.19867933   -0.0770246   0.2783843   -0.02532491   -0.12483403   -0.15048696   -0.04537473   0.0304028   0.15838411   -0.00763613   0.049929857
-0.056176648   0.18355268   -0.099557854   0.35676333   0.006195694   -0.093257956   -0.11620639   -0.052223496   0.027216349   0.121635824   -0.002158016   0.04533672
-0.106732085   0.17444053   -0.108986095   0.4436117   -0.017181933   -0.09360256   -0.08321394   -0.05564003   0.025451247   0.080803394   0.006587118   0.041256692
-0.14922337   0.1670226   -0.10834816   0.49386367   -0.04954788   -0.13088395   -0.051910475   -0.059842274   0.025884243   0.039132148   0.017647028   0.039483063
-0.17128329   0.15178862   -0.105784886   0.45645157   -0.06973925   -0.17147546   -0.023461133   -0.06923239   0.025917197   -0.0031176507   0.029258296   0.03937656
-0.19712286   0.13829419   -0.092146344   0.39555308   -0.088443786   -0.20437115   -0.006088555   -0.07902564   0.02552503   -0.033312827   0.0364808   0.039870176
-0.21774311   0.12798509   -0.07102359   0.3292648   -0.09451571   -0.23194388   0.008897528   -0.08668547   0.026011663   -0.052544236   0.037841097   0.040646467
-0.22247587   0.119533986   -0.05403493   0.24473032   -0.08640468   -0.2536373   0.02512005   -0.09095664   0.027110891   -0.06478119   0.034665465   0.041299734
-0.20765896   0.11480826   -0.040185254   0.13627216   -0.06917533   -0.2676846   0.04408948   -0.09109683   0.028085578   -0.07333523   0.02835849   0.041559163
-0.1822338   0.11508104   -0.027040416   0.032503814   -0.012637943   -0.21704501   0.06432086   -0.08707778   0.02867255   -0.07719141   0.018843338   0.041523717
-0.12588637   0.12098069   -0.01318111   -0.05227855   0.07084569   -0.186564   0.093913555   -0.0825886   0.036210712   -0.08226669   0.008131713   0.042557094
-0.050259575   0.12317372   -0.0152609525   -0.1371041   0.1395565   -0.16448735   0.11798453   -0.07750744   0.046852432   -0.07848191   -0.006061226   0.044342645
0.008672565   0.12648495   -0.027965141   -0.19989277   0.20208848   -0.15830922   0.12848395   -0.067428514   0.060975153   -0.06504342   -0.021819472   0.04496956
0.04246609   0.1337399   -0.032685727   -0.22585006   0.22745258   -0.1556393   0.13429624   -0.05651863   0.07210339   -0.05112636   -0.033396006   0.045537148
0.062321156   0.13321616   -0.037321128   -0.24262579   0.22749616   -0.15515083   0.14415768   -0.058946293   0.08338192   -0.053978473   -0.026510239   0.04748395
0.07210308   0.13809828   -0.046733856   -0.24994417   0.22081628   -0.15883699   0.16746305   -0.05917487   0.09589781   -0.09066123   -0.019845933   0.048783034
0.07115398   0.13597918   -0.039444953   -0.24294162   0.21168758   -0.15729536   0.19442356   -0.065209724   0.103729814   -0.14242616   -0.011169761   0.049388215
0.07356   0.13743798   -0.03901909   -0.24376135   0.20597968   -0.15829885   0.2110908   -0.067305535   0.10808972   -0.17527397   -7.519126e-05   0.048336178
0.0745056   0.14081371   -0.036553532   -0.24173312   0.19988397   -0.15919131   0.22277269   -0.06642696   0.11192314   -0.19825274   0.00757955   0.0479221
0.07614997   0.14035802   -0.031464837   -0.24441019   0.1969406   -0.15883426   0.22797   -0.06857038   0.11539171   -0.21244696   0.011815637   0.04832343
0.07833033   0.13961357   -0.027064485   -0.2504851   0.19633923   -0.15854499   0.2281781   -0.07042663   0.118292496   -0.21882135   0.012998   0.04885916
0.079440765   0.13967611   -0.022550385   -0.25486875   0.19536069   -0.15857284   0.22646722   -0.07129142   0.12174394   -0.22230051   0.013301   0.049086094
0.07992933   0.14071085   -0.018433671   -0.25780752   0.19400105   -0.15909523   0.22485292   -0.07110428   0.12511986   -0.22546783   0.013694599   0.04892302
0.08010441   0.14228359   -0.015129015   -0.26019233   0.19271798   -0.1599992   0.22392873   -0.07028887   0.12784636   -0.22916208   0.014376387   0.04826179
0.08003729   0.14409155   -0.0126784835   -0.26223376   0.19162539   -0.1611506   0.22364174   -0.06913373   0.12982994   -0.23326309   0.015256897   0.047151078
0.07985973   0.14613111   -0.010929575   -0.2638455   0.19063708   -0.16248903   0.22391844   -0.06765625   0.13123628   -0.23748216   0.016265944   0.045800764
0.0797459   0.14833477   -0.009688293   -0.26518   0.1897871   -0.16394976   0.22468713   -0.06594617   0.13223745   -0.24171422   0.017374963   0.04430541
0.07984896   0.15056056   -0.008840728   -0.2666518   0.18926679   -0.16545299   0.22581348   -0.0641533   0.13289642   -0.24592553   0.018575087   0.04271583
0.080190934   0.15271333   -0.008329335   -0.26852798   0.18919769   -0.1669328   0.22711104   -0.06237126   0.13323815   -0.25003573   0.019854844   0.041110404
0.08070635   0.15475646   -0.008072983   -0.27070707   0.18952338   -0.1683459   0.22846119   -0.060642608   0.13334581   -0.25393912   0.02117598   0.03956612
0.081495665   0.1566383   -0.008026086   -0.273379   0.19030297   -0.16965438   0.22977579   -0.05901754   0.1332386   -0.25750864   0.022490188   0.038206942
0.08245424   0.158326   -0.008137815   -0.27644145   0.19145626   -0.17083499   0.23092273   -0.057527248   0.13296433   -0.26064545   0.023721173   0.03701015
0.083455935   0.15978743   -0.008337161   -0.27963865   0.19282629   -0.1718689   0.23184164   -0.056212638   0.13260181   -0.26330617   0.024826467   0.035969928
0.08454391   0.16103648   -0.008579654   -0.28292128   0.19433093   -0.17276001   0.23265685   -0.05507831   0.13218391   -0.26563942   0.025830537   0.035080545
0.085508995   0.16207963   -0.008851672   -0.28600594   0.19582792   -0.17350963   0.23323835   -0.054115776   0.13174991   -0.26754603   0.026691943   0.034340605
0.086338624   0.16292433   -0.009129335   -0.28881705   0.1972467   -0.17412132   0.23362929   -0.053326175   0.13132255   -0.26908314   0.027413726   0.033744246
0.08707194   0.16357441   -0.009394256   -0.29138443   0.19857249   -0.17460084   0.23387301   -0.052711934   0.13091119   -0.27030373   0.027999908   0.033284027
0.08761896   0.16404116   -0.009639982   -0.2935943   0.1997514   -0.17495365   0.23391281   -0.052261382   0.1305351   -0.27117383   0.02844195   0.032954723
0.08800958   0.16434436   -0.009851466   -0.29546142   0.2007769   -0.17518994   0.2338002   -0.051961984   0.13020666   -0.27176446   0.028765872   0.032745074
0.08824797   0.16449921   -0.010026886   -0.29699957   0.20165646   -0.17531924   0.2335543   -0.051801845   0.12992835   -0.27212048   0.028995827   0.03264422
0.08835817   0.1645237   -0.010169304   -0.2982557   0.2024162   -0.17535193   0.23321553   -0.051767353   0.12969503   -0.27231467   0.029169604   0.03264104
0.088363044   0.16443844   -0.010284236   -0.29927903   0.20308703   -0.17529929   0.23282194   -0.05184175   0.12950002   -0.27241772   0.029326841   0.032723676
0.08829233   0.164264   -0.0103776585   -0.30012566   0.20370346   -0.17517298   0.23241472   -0.052008145   0.12933552   -0.27249917   0.02950631   0.032880105
0.088176414   0.16402064   -0.010455895   -0.30085152   0.2042994   -0.1749851   0.23203093   -0.0522492   0.12919347   -0.27261844   0.02974169   0.033098333
0.08804426   0.16372818   -0.010524653   -0.3015095   0.2049059   -0.17474781   0.23170152   -0.052547403   0.12906647   -0.27282396   0.030060247   0.033366542
0.087920435   0.16340536   -0.010588465   -0.30214554   0.20554875   -0.17447317   0.23144794   -0.052885436   0.12894866   -0.273149   0.030480772   0.033673257
0.08782358   0.16306935   -0.010650355   -0.302796   0.20624676   -0.1741728   0.23128083   -0.05324664   0.12883621   -0.27361003   0.031012565   0.03400758
0.0877655   0.1627354   -0.0107117575   -0.3034854   0.20701078   -0.1738576   0.23120031   -0.05361544   0.12872757   -0.27420664   0.03165534   0.034359414
0.08775041   0.16241664   -0.010772749   -0.3042249   0.2078432   -0.17353751   0.23119685   -0.0539776   0.12862326   -0.27492356   0.032400385   0.034719616
0.08777903   0.16212358   -0.010832534   -0.3050192   0.20874116   -0.1732213   0.23125736   -0.054321237   0.12852468   -0.27573973   0.03323424   0.03507999
0.0878423   0.1618649   -0.010889753   -0.30585808   0.20969446   -0.17291638   0.23135996   -0.054635663   0.128435   -0.2766226   0.034138143   0.035433676
0.08793166   0.16164657   -0.010942655   -0.30672893   0.21069051   -0.17262858   0.23148537   -0.054913137   0.1283574   -0.27754146   0.035092816   0.035774972
0.088035844   0.1614722   -0.010989982   -0.30761486   0.211715   -0.17236213   0.23161426   -0.055148225   0.12829463   -0.278466   0.036079064   0.03609958
0.08814406   0.16134334   -0.011030964   -0.30849874   0.21275401   -0.1721197   0.2317311   -0.055337835   0.12824866   -0.27937132   0.037080303   0.036404535
0.08824684   0.16125968   -0.011065498   -0.30936494   0.21379533   -0.17190251   0.23182482   -0.055481095   0.12822045   -0.2802391   0.038083434   0.036688183
0.08833712   0.16121934   -0.0110943075   -0.31020132   0.21482958   -0.17171043   0.23188934   -0.055579063   0.12820964   -0.2810584   0.039079413   0.036950037
0.08841046   0.16121927   -0.011118876   -0.31099984   0.2158506   -0.17154238   0.23192349   -0.05563437   0.12821466   -0.28182557   0.04006338   0.037190624
0.08846505   0.16125555   -0.011141366   -0.3117569   0.21685556   -0.17139639   0.23193018   -0.05565076   0.12823282   -0.28254318   0.041034102   0.037411276
0.0885015   0.1613238   -0.011164401   -0.31247312   0.21784458   -0.17127006   0.23191544   -0.05563276   0.12826061   -0.2832187   0.04199332   0.037613902
0.088522196   0.16141938   -0.011190749   -0.31315222   0.21881999   -0.17116062   0.23188704   -0.055585235   0.12829414   -0.28386232   0.042944625   0.037800796
0.08853073   0.16153769   -0.0112230545   -0.31380004   0.2197854   -0.17106527   0.23185322   -0.05551313   0.12832949   -0.28448504   0.04389231   0.037974417
0.088531196   0.1616743   -0.011263697   -0.31442344   0.22074498   -0.17098127   0.23182157   -0.055421174   0.12836297   -0.28509685   0.04484041   0.038137242
0.08852769   0.16182505   -0.0113144955   -0.31502926   0.22170264   -0.17090611   0.23179817   -0.055313755   0.1283915   -0.28570566   0.04579191   0.03829163
0.08852379   0.1619861   -0.0113765625   -0.31562364   0.2226614   -0.17083754   0.23178694   -0.055194806   0.1284128   -0.28631628   0.04674828   0.038439732
0.08852207   0.16215406   -0.011450211   -0.31621096   0.22362298   -0.1707736   0.2317894   -0.055067737   0.12842551   -0.28693014   0.047709182   0.038583435
0.08854473   0.16232689   -0.011534083   -0.3168292   0.22460192   -0.17071371   0.23182833   -0.054937143   0.1284257   -0.2875843   0.048687205   0.038722944
0.08852973   0.16250288   -0.011628684   -0.31740028   0.22556973   -0.17065445   0.23182863   -0.054798312   0.12842369   -0.28818285   0.049649745   0.038862318
0.08854045   0.16267568   -0.011730544   -0.31797346   0.2265347   -0.17059591   0.23185568   -0.05466135   0.12841327   -0.288776   0.05060245   0.03900124
0.08854881   0.16284391   -0.011840391   -0.3185297   0.22749105   -0.17053702   0.23188138   -0.05452631   0.12839636   -0.28934568   0.051540866   0.03914095
0.08856085   0.16300802   -0.011953555   -0.3190791   0.2284404   -0.17047691   0.23191188   -0.054394346   0.12837565   -0.28990632   0.052469805   0.039281476
0.08856085   0.16300802   -0.011953555   -0.3190791   0.2284404   -0.17047691   0.23191188   -0.054394346   0.12837565   -0.28990632   0.052469805   0.039281476
0.08853701   0.16331613   -0.012167248   -0.3200493   0.23025885   -0.17034835   0.23189747   -0.054141566   0.12835577   -0.29086667   0.054239914   0.03956738
0.08849723   0.16344848   -0.012274417   -0.32037318   0.23107395   -0.17027724   0.23187947   -0.054029197   0.12835567   -0.291224   0.05504957   0.03972002
0.08851498   0.16357674   -0.012387975   -0.3208474   0.23194847   -0.17020595   0.23192485   -0.053928997   0.12832975   -0.29172173   0.055907488   0.03987176
0.088525735   0.1637005   -0.0124871   -0.32136708   0.23284324   -0.17012867   0.23192914   -0.053834364   0.12831348   -0.2922139   0.05676712   0.040023576
0.08851893   0.16381963   -0.012572192   -0.32184604   0.23371182   -0.17004764   0.23187815   -0.05374   0.12831509   -0.29261237   0.057581753   0.040178984
0.08850133   0.16392915   -0.012649612   -0.3222804   0.23454869   -0.16996418   0.23180132   -0.05365213   0.12832643   -0.29294768   0.058358684   0.040338658
0.08847332   0.16403191   -0.012723552   -0.3226844   0.2353618   -0.16987903   0.23172125   -0.0535708   0.12834139   -0.29327005   0.05912085   0.040500518
0.08843572   0.16413029   -0.012794297   -0.32306427   0.23615555   -0.16979213   0.231646   -0.053494878   0.12835923   -0.29359883   0.05987881   0.04066307
0.08839283   0.164224   -0.012861349   -0.3234219   0.23693113   -0.16970327   0.231577   -0.05342447   0.12838039   -0.293931   0.060631797   0.040826276
0.088348225   0.16431326   -0.012924661   -0.32375965   0.23768996   -0.16961293   0.23151511   -0.053359203   0.12840489   -0.2942639   0.06137894   0.040990263
0.08830306   0.16439933   -0.0129845785   -0.3240825   0.23843522   -0.16952169   0.23146097   -0.05329797   0.12843224   -0.29460102   0.062122613   0.041154698
0.0882573   0.16448359   -0.013041724   -0.32439592   0.23917066   -0.16943009   0.2314138   -0.053239528   0.12846169   -0.29494554   0.06286526   0.041319016
0.08821111   0.16456684   -0.013096819   -0.32470334   0.23989852   -0.16933854   0.2313718   -0.05318287   0.12849249   -0.29529634   0.06360689   0.04148278
0.0881651   0.16464946   -0.013150452   -0.3250058   0.24061945   -0.16924739   0.23133348   -0.053127278   0.12852414   -0.29564983   0.06434576   0.041645672
0.088119686   0.16473177   -0.013202923   -0.32530308   0.24133305   -0.1691571   0.231298   -0.05307218   0.12855642   -0.29600304   0.06508018   0.04180736
0.088074885   0.16481414   -0.013254375   -0.32559478   0.24203888   -0.16906808   0.23126483   -0.05301707   0.12858926   -0.29635447   0.065809056   0.041967474
0.088030264   0.16489694   -0.013304849   -0.32588062   0.24273646   -0.16898063   0.23123318   -0.05296152   0.12862267   -0.29670304   0.06653167   0.04212565
0.08798526   0.16498035   -0.013354295   -0.32616028   0.24342543   -0.16889495   0.2312018   -0.05290522   0.12865672   -0.29704723   0.06724709   0.042281635
0.087939434   0.16506444   -0.013402587   -0.32643345   0.24410538   -0.16881111   0.23116934   -0.052848015   0.12869158   -0.29738516   0.0679543   0.042435315
0.08789245   0.16514912   -0.01344954   -0.32669973   0.24477595   -0.16872914   0.23113473   -0.05278988   0.12872745   -0.29771525   0.06865242   0.04258667
0.08784408   0.16523428   -0.013494971   -0.3269589   0.24543688   -0.16864897   0.23109727   -0.0527309   0.12876453   -0.29803658   0.069340944   0.04273574
0.087794185   0.16531979   -0.013538704   -0.3272108   0.24608807   -0.16857049   0.2310567   -0.052671213   0.12880297   -0.29834902   0.07001983   0.042882625
0.08774273   0.1654055   -0.013580621   -0.32745555   0.24672966   -0.16849357   0.23101318   -0.052611016   0.12884286   -0.29865307   0.070689395   0.043027442
0.08768977   0.16549128   -0.013620697   -0.32769328   0.24736188   -0.16841806   0.23096707   -0.052550513   0.12888421   -0.2989497   0.0713502   0.043170333
0.087635376   0.16557698   -0.013659002   -0.3279243   0.24798514   -0.16834381   0.23091891   -0.052489918   0.12892693   -0.2992398   0.07200293   0.043311477
0.08758019   0.16566251   -0.013695622   -0.32814953   0.24860004   -0.1682707   0.23087014   -0.05242945   0.12897082   -0.2995258   0.072648734   0.04345096
0.087523885   0.16574779   -0.013730744   -0.3283689   0.24920695   -0.16819865   0.23082082   -0.052369207   0.12901574   -0.29980814   0.0732882   0.043588948
